98
100
102
105
98
97
100
99
97
96
105
108
92
102
109
97
102
116
93
108
104
100
103
109
95
95
102
111
98
102
94
110
116
100
99
112
98
101
103
100
100
108
107
106
97
96
96
103
98
108
93
109
102
104
94
116
98
107
97
91
98
109
91
92
90
110
112
110
95
105
104
106
110
110
102
112
106
113
94
96
116
97
96
90
107
108
98
103
101
96
108
107
100
97
107
101
92
101
99
97
95
93
96
105
102
99
98
102
108
104
97
103
98
104
103
110
101
96
104
104
109
101
108
111
96
92
109
94
113
103
105
108
97
103
101
103
96
108
99
100
101
96
100
109
99
102
102
103
90
104
106
102
95
111
101
97
101
99
104
101
97
111
101
96
114
106
102
107
108
100
96
91
91
106
100
112
96
93
95
92
102
118
104
110
96
112
101
92
105
95
113
96
95
98
97
98
106
105
95
100
