50
56
64
57
53
56
56
47
53
51
42
49
47
43
68
54
59
48
58
51
49
53
48
52
49
50
45
56
52
47
50
65
51
60
54
51
47
52
46
56
54
50
64
53
53
48
45
52
51
49
48
52
63
53
59
50
55
58
50
47
55
55
59
56
48
50
50
49
56
45
49
59
51
52
52
53
53
52
48
51
54
50
56
58
47
56
57
53
56
60
59
57
53
48
57
46
51
48
51
53
45
52
54
51
58
58
51
53
57
49
51
52
52
51
52
47
47
52
57
52
50
58
52
58
47
50
53
57
49
59
49
59
51
49
56
60
52
55
51
56
46
57
50
53
50
47
64
53
47
52
46
50
49
56
60
52
49
53
51
53
55
57
56
50
48
48
49
45
52
51
56
47
53
54
51
50
52
50
57
54
50
50
46
48
56
56
45
51
54
51
56
47
56
48
53
55
54
49
52
48
