60
59
66
63
55
59
69
58
58
65
65
59
56
63
58
62
59
56
58
58
62
52
59
62
58
60
55
60
51
54
56
70
54
60
58
55
54
63
56
59
59
60
69
63
64
66
60
57
54
65
60
60
70
62
62
56
62
53
55
58
65
66
56
59
58
55
66
64
67
61
56
61
54
68
64
56
61
57
59
65
55
56
59
55
60
53
59
58
64
61
60
55
60
56
63
58
65
58
56
54
57
56
52
57
59
55
62
55
59
54
56
60
59
55
63
66
61
59
55
57
65
56
59
61
57
57
53
62
60
58
56
56
63
59
55
64
56
57
54
55
55
63
55
55
58
55
59
57
66
59
54
67
52
54
58
63
64
65
57
56
52
54
54
62
57
56
55
59
60
57
61
62
60
56
62
72
53
59
61
58
57
56
60
55
63
54
63
59
53
57
58
56
62
55
64
64
58
58
55
73
