17
15
14
19
18
16
14
16
14
14
16
17
15
13
16
16
15
15
17
15
15
19
13
16
14
14
20
14
16
15
22
16
16
15
16
16
16
18
19
14
15
16
17
21
18
18
18
17
18
16
21
16
19
16
14
14
16
18
19
15
17
15
16
19
14
15
18
18
15
14
19
18
16
14
14
15
18
16
16
19
15
21
18
17
16
16
17
15
14
15
14
18
16
18
15
18
15
19
15
18
17
19
15
15
15
16
20
15
16
15
12
14
18
16
18
17
15
16
14
14
17
13
16
18
16
15
17
15
16
21
14
16
13
15
14
17
15
15
17
13
17
17
14
16
15
17
13
14
18
16
17
15
16
19
20
14
15
13
15
16
16
20
14
20
16
15
21
16
21
16
16
17
20
18
17
15
20
16
14
13
17
15
16
14
16
19
15
18
19
23
15
14
18
14
19
20
16
16
16
19
