13
18
18
20
18
16
13
14
15
18
12
16
18
18
15
16
18
17
18
14
16
16
17
21
14
19
19
19
15
16
17
17
14
19
18
15
16
17
17
20
16
14
15
16
14
17
16
16
15
16
17
18
17
16
15
15
18
14
16
15
16
18
16
15
15
15
15
16
15
16
15
15
16
13
14
18
16
13
16
14
17
15
21
14
18
20
22
14
15
21
16
12
17
22
15
16
15
17
15
19
16
18
14
17
16
16
17
15
23
17
15
18
15
14
15
16
12
15
20
15
16
16
15
17
13
17
17
25
18
16
15
15
19
17
15
16
19
19
17
15
16
17
17
17
17
15
15
17
15
16
19
16
17
18
14
16
20
15
18
18
16
21
15
19
15
15
16
19
17
14
18
16
17
15
18
16
16
17
18
15
17
16
14
14
15
13
14
21
16
12
20
15
13
15
16
16
16
16
16
17
