556
508
494
488
499
503
495
493
484
502
490
523
540
490
490
483
507
543
506
520
540
503
501
522
518
532
490
491
515
478
476
507
512
494
515
473
494
547
487
496
505
483
503
491
497
527
490
505
491
484
524
482
480
485
479
509
503
526
495
494
508
485
510
494
500
509
529
486
490
529
525
529
522
494
503
528
551
493
511
548
510
491
521
519
494
526
508
500
500
490
500
518
492
504
515
493
502
507
495
497
527
498
484
499
493
487
501
530
491
503
482
497
502
485
499
505
498
525
521
499
501
523
491
491
510
521
485
514
507
491
489
507
490
503
492
506
489
507
501
487
486
501
499
496
547
482
510
512
506
515
529
511
514
504
472
491
490
512
509
536
496
502
513
487
495
520
487
512
511
522
518
493
540
498
509
503
491
491
486
511
499
509
507
521
510
488
519
520
505
497
490
524
481
484
545
483
512
483
508
491
