101
108
110
92
102
93
88
110
103
100
101
101
120
96
102
94
97
98
111
92
132
129
110
121
106
99
88
100
93
119
85
96
91
121
93
99
131
105
106
96
93
117
121
89
106
109
100
93
104
91
100
119
90
92
104
113
121
95
96
91
116
104
95
91
106
92
89
108
101
101
124
104
101
99
89
101
95
99
130
118
114
115
103
87
107
93
98
113
86
115
102
110
110
114
97
105
87
87
112
122
99
119
112
87
87
117
116
104
112
102
93
96
115
98
99
97
101
109
97
126
109
107
107
98
99
91
105
116
116
111
124
99
103
101
119
110
105
92
88
112
110
99
98
101
94
113
95
95
99
104
100
109
115
88
127
102
107
96
98
106
96
97
121
92
137
123
101
108
100
91
95
118
98
100
124
103
137
110
113
121
89
102
114
99
108
90
119
127
92
95
112
91
106
100
104
110
100
107
95
91
