31
33
35
31
28
39
34
41
36
37
40
30
29
30
31
34
41
34
29
35
37
30
34
30
36
35
35
35
44
36
39
28
31
29
35
37
34
36
33
40
28
31
32
54
31
26
29
32
31
35
34
40
29
38
27
33
30
31
31
30
31
31
36
34
38
32
33
31
30
29
35
31
30
33
29
41
32
35
33
34
31
31
27
40
32
30
31
27
30
37
36
34
42
34
32
41
30
33
47
37
31
34
35
34
37
30
32
35
30
30
38
36
33
33
31
38
39
29
32
31
38
32
29
39
36
30
31
26
36
33
28
35
33
35
35
34
36
32
33
30
34
32
34
34
32
39
31
34
29
38
37
35
31
29
43
34
36
36
32
34
37
27
33
30
30
39
33
40
38
39
35
34
33
38
47
31
32
31
37
32
32
31
33
30
36
38
34
36
29
29
35
35
30
40
32
34
30
37
31
27
