39
37
37
36
40
43
42
45
40
39
41
47
45
40
35
38
36
39
42
42
42
45
40
43
35
45
42
39
41
42
43
45
37
39
38
43
40
44
38
42
43
41
41
40
38
45
44
41
36
36
39
37
47
38
41
41
42
44
42
42
45
46
46
40
39
43
37
45
38
39
50
37
43
45
42
39
37
36
39
40
38
39
37
47
41
41
39
37
37
41
41
36
39
44
41
38
38
40
38
48
36
47
40
41
40
44
44
43
39
40
46
45
38
40
42
41
42
38
36
43
44
46
38
42
43
39
42
40
38
43
38
39
36
40
46
41
42
41
39
36
42
38
41
45
41
37
37
45
39
38
45
38
45
47
40
42
46
41
47
49
38
40
41
39
39
37
35
37
39
39
42
44
44
45
38
37
37
43
41
37
44
39
42
38
39
46
43
40
47
41
38
46
41
44
41
40
46
42
37
41
38
40
45
38
42
38
38
39
46
37
46
38
44
40
48
41
42
40
38
51
41
39
42
36
37
37
43
43
37
39
43
35
49
38
43
38
43
42
42
43
42
47
42
38
39
41
41
39
38
42
36
40
38
38
52
50
39
37
41
44
42
40
40
39
36
40
43
39
38
41
37
42
37
40
38
36
42
39
38
42
37
38
43
41
57
40
38
42
40
48
43
44
39
37
36
40
36
47
41
47
42
37
43
44
44
39
43
41
48
43
36
52
37
40
38
37
46
49
46
35
40
38
41
42
47
42
41
41
38
40
46
36
46
42
43
52
42
42
38
39
38
40
38
42
38
42
39
39
41
40
37
40
40
44
42
38
40
45
46
44
39
41
42
40
41
40
38
41
43
37
42
38
39
42
37
39
36
41
39
36
39
42
41
38
42
48
38
41
41
38
44
41
39
38
39
39
39
43
38
38
41
42
40
40
43
37
37
38
35
40
41
41
41
42
42
36
43
40
52
44
43
33
40
42
38
39
43
40
41
49
44
36
43
47
44
43
43
40
41
41
40
40
37
35
41
42
40
38
37
35
41
35
42
38
41
40
36
44
38
42
43
39
39
39
43
36
42
45
42
39
41
40
39
39
42
38
52
40
36
39
37
35
39
43
39
42
42
45
40
40
41
42
42
44
41
45
39
51
42
37
40
40
43
37
40
38
48
42
43
41
43
45
40
40
38
39
38
41
38
44
48
41
43
46
40
40
42
40
42
41
41
41
40
39
38
45
38
39
44
42
40
42
37
45
38
38
37
45
44
36
34
41
37
44
49
37
43
50
37
39
39
42
36
37
43
39
43
40
38
41
39
49
40
37
36
39
42
52
52
39
56
43
39
42
46
42
37
41
41
41
42
39
40
40
35
40
40
37
37
38
43
40
38
38
45
40
47
45
40
40
40
40
37
45
38
38
39
42
40
39
39
41
36
37
43
40
40
35
42
40
45
38
43
38
40
41
44
43
36
42
40
42
39
43
41
40
39
36
40
53
42
41
38
45
45
37
41
47
41
42
42
36
43
39
36
35
43
37
44
40
39
38
42
39
38
40
42
45
38
36
45
40
49
40
38
46
38
43
38
41
42
41
43
39
40
44
39
46
40
42
50
37
43
37
37
42
45
40
42
36
36
43
44
48
43
40
44
42
47
38
50
42
46
40
46
36
41
38
43
37
45
37
36
50
45
39
42
40
44
38
36
39
48
44
45
37
37
45
41
42
39
41
37
41
41
44
40
38
44
39
44
48
53
39
41
36
39
44
37
41
39
48
40
47
38
42
42
43
40
40
46
40
36
41
49
43
39
37
47
38
39
38
38
43
38
39
38
38
41
38
40
40
43
40
43
42
39
36
42
40
37
39
37
42
42
42
40
36
43
46
42
42
36
43
42
37
44
42
46
47
40
40
43
35
38
36
38
45
41
38
40
45
38
36
41
35
40
34
43
43
40
44
42
38
44
42
45
43
40
42
38
38
48
41
36
34
42
37
47
43
42
37
36
42
40
40
35
43
39
40
34
43
39
42
43
43
39
44
37
39
38
41
38
42
38
41
44
39
43
46
36
35
38
38
36
44
35
39
36
40
38
40
46
39
42
40
49
41
53
50
37
45
39
44
40
38
39
42
42
42
45
42
42
38
41
40
39
39
35
41
52
43
40
38
44
47
42
48
36
37
43
41
47
38
42
37
44
40
41
38
43
44
38
39
42
40
42
41
40
48
38
38
42
45
35
48
42
37
43
40
39
39
43
39
37
46
38
41
40
40
43
42
37
45
47
40
36
41
39
38
