138
120
139
123
131
118
119
130
113
115
124
141
128
115
103
127
127
120
131
106
114
119
120
113
131
130
123
134
150
119
125
125
141
145
121
118
126
130
113
125
122
114
114
114
119
124
132
118
123
149
124
101
122
136
152
113
129
126
116
134
144
121
107
117
114
139
127
135
117
118
122
121
108
133
105
135
120
130
160
114
120
118
128
132
120
127
141
123
115
124
124
149
122
123
124
124
131
116
155
115
135
133
129
116
149
129
116
116
110
116
122
124
148
128
143
130
115
142
120
133
127
112
127
128
123
125
120
124
125
126
109
151
128
150
117
122
125
118
115
124
109
134
111
122
125
123
113
139
121
128
146
125
120
124
140
123
110
116
117
124
110
120
122
147
127
138
150
121
133
135
112
121
126
146
124
134
130
117
135
132
119
115
113
115
111
127
111
118
110
117
139
129
117
119
120
127
129
119
123
130
121
119
128
126
132
142
129
111
137
128
133
119
117
124
106
129
134
118
133
111
117
118
119
134
114
134
138
115
125
117
119
116
119
137
109
128
118
145
139
122
122
114
125
113
126
120
119
118
121
132
140
147
136
136
128
116
132
121
124
128
121
120
140
108
133
116
116
105
123
129
115
114
135
125
133
124
149
130
118
131
120
142
160
127
124
117
131
122
122
121
123
125
128
154
122
117
123
112
139
115
131
126
130
123
122
121
118
137
131
123
110
116
158
120
128
122
116
118
110
115
128
121
125
120
122
127
113
112
135
136
105
116
106
131
129
158
126
124
112
122
120
110
120
122
135
131
124
132
129
138
122
117
119
122
128
126
114
149
113
121
115
134
134
124
112
125
125
116
125
121
112
141
128
133
139
116
111
133
130
122
113
121
120
128
127
119
122
146
139
130
112
123
135
136
115
112
117
116
123
102
128
139
126
115
122
120
117
129
116
133
126
127
126
114
110
129
111
124
127
123
151
124
128
122
113
118
125
123
126
121
114
137
125
129
114
138
145
129
118
134
130
124
126
110
131
111
133
129
126
147
124
131
116
147
118
113
115
133
118
105
117
123
130
131
138
124
121
112
136
118
128
131
120
117
121
123
118
122
107
118
130
108
125
128
132
126
122
107
143
116
115
131
115
111
118
119
113
123
128
113
125
153
112
145
110
118
140
107
114
116
137
120
115
114
143
140
120
112
157
151
136
161
124
137
118
123
130
126
114
118
134
116
121
142
151
124
142
133
117
126
123
125
120
122
128
146
125
124
121
117
126
116
109
163
131
113
128
124
115
123
113
125
118
119
129
114
110
123
111
119
120
130
123
124
116
130
122
129
122
112
115
115
145
141
125
123
117
141
136
125
125
128
129
121
119
140
124
114
122
127
118
110
132
130
123
114
116
124
124
124
124
128
132
137
117
127
117
131
125
123
125
125
127
124
135
121
121
120
113
121
135
130
117
117
120
113
130
125
123
141
116
119
113
118
143
128
123
132
137
124
128
122
129
121
115
122
148
125
122
120
105
136
124
121
131
136
116
120
123
130
109
115
135
120
120
130
114
138
123
138
134
135
124
120
114
122
107
110
119
127
110
132
116
128
125
118
135
148
125
121
128
118
132
125
124
121
121
123
133
133
118
131
119
116
126
132
123
128
131
126
122
118
127
144
117
115
121
118
128
135
123
139
108
131
120
113
118
108
125
134
117
130
118
125
117
141
138
114
119
128
122
121
128
150
119
118
133
129
143
139
118
136
122
131
110
127
119
114
127
135
118
132
160
108
128
122
119
136
119
113
121
127
154
109
128
131
119
115
117
119
137
119
122
130
144
129
129
121
121
127
111
121
118
117
109
129
124
116
125
121
159
126
117
136
126
135
111
128
127
127
113
112
146
123
125
109
133
130
120
146
117
130
122
141
161
117
112
120
110
118
124
120
142
119
116
132
109
120
125
121
123
133
123
110
116
119
123
129
123
121
145
133
121
119
124
124
120
139
129
128
132
126
115
119
133
142
130
125
120
139
140
111
120
113
111
121
129
126
117
135
131
120
128
118
128
116
120
120
126
118
125
121
127
113
124
130
132
131
119
117
116
121
124
131
137
116
130
122
119
112
140
117
124
125
123
133
126
117
124
121
120
121
148
114
151
110
123
110
128
121
108
116
131
117
126
114
122
146
144
142
124
123
135
117
133
108
125
126
126
122
115
116
122
120
126
116
119
147
139
121
118
122
118
119
119
111
128
125
133
121
127
160
129
120
113
118
126
120
128
136
112
117
133
114
142
121
128
119
122
118
