389
381
407
418
434
363
412
379
369
365
402
338
371
431
410
380
339
360
400
449
363
404
383
376
402
355
354
387
473
423
368
386
368
384
376
398
429
394
357
414
359
440
375
350
400
335
363
337
365
449
337
420
394
388
377
384
389
429
409
345
344
438
377
363
369
386
358
368
376
380
376
342
363
395
350
453
372
371
382
378
369
338
358
355
403
375
374
440
383
356
362
362
370
445
433
415
425
423
372
392
358
346
375
360
420
423
360
445
499
442
365
392
354
364
376
391
362
338
436
401
370
383
400
381
415
371
419
375
351
376
383
350
479
416
396
397
384
403
390
412
354
443
385
373
399
462
371
406
375
387
385
368
360
428
334
380
345
457
401
353
367
394
401
352
380
385
349
359
363
356
365
360
369
356
366
415
430
380
342
343
407
432
350
374
360
406
391
456
373
454
379
401
382
360
407
379
363
362
365
410
360
467
402
457
352
400
390
399
391
366
392
345
397
388
395
371
382
372
364
355
424
389
414
420
350
471
406
357
388
477
361
352
364
363
373
450
409
380
432
391
345
381
381
360
367
350
357
384
339
351
416
384
391
406
374
366
425
398
378
390
390
355
396
366
353
415
419
374
408
377
366
387
382
458
407
398
351
384
366
385
377
376
406
393
359
359
356
409
451
360
402
363
367
335
406
403
399
406
395
395
364
381
446
414
413
403
389
386
339
359
356
383
363
391
370
396
396
384
353
381
392
399
408
363
378
350
392
398
430
427
364
369
370
359
373
419
481
423
372
378
404
407
360
376
357
382
402
378
387
374
347
335
410
425
415
460
384
374
375
363
418
348
370
407
348
391
394
363
343
357
360
363
369
440
373
458
376
341
396
419
372
421
377
416
399
474
352
403
400
437
364
383
392
374
381
401
410
367
371
391
362
397
381
385
371
350
410
389
370
362
366
392
342
375
365
396
403
384
367
403
389
355
382
392
402
424
340
338
366
364
398
404
394
349
381
366
395
399
464
363
383
424
446
359
364
369
407
414
429
392
379
430
401
388
353
361
351
363
373
355
365
411
371
348
406
341
357
377
413
371
386
369
381
355
383
357
421
424
386
366
393
360
372
371
442
434
386
388
405
469
447
347
425
400
374
365
359
373
374
343
369
371
372
395
431
376
386
327
383
336
397
424
396
370
366
369
368
388
337
408
373
386
394
354
373
389
412
393
427
386
334
417
380
360
361
384
350
403
385
403
390
397
441
352
386
393
361
375
376
342
380
422
396
375
439
405
379
426
398
327
351
426
391
378
379
342
355
401
376
436
412
435
364
355
492
363
364
407
383
370
408
395
355
367
337
339
369
374
414
427
416
405
372
395
380
377
374
455
347
378
419
353
374
420
407
401
422
393
379
375
385
430
337
385
363
455
399
398
387
340
356
353
413
347
366
394
424
407
392
375
402
373
375
372
379
415
362
419
348
381
397
409
429
362
366
384
352
379
397
415
355
362
382
354
358
402
402
377
405
383
376
346
369
367
405
385
392
419
406
380
375
376
348
459
429
434
404
501
412
416
493
417
399
379
403
391
364
380
364
358
382
371
357
352
383
391
371
358
392
372
438
363
410
436
336
426
339
416
436
352
345
388
416
351
385
427
332
381
403
347
470
379
357
389
377
349
385
439
429
384
374
361
385
396
368
368
377
377
392
357
352
359
363
357
348
368
380
337
407
397
367
339
377
437
412
395
365
405
412
390
437
464
369
363
385
355
408
342
372
358
352
359
381
398
408
365
408
354
415
399
454
378
368
389
335
391
366
358
362
363
391
341
390
355
384
374
356
393
349
385
467
356
390
385
359
443
372
387
403
383
392
371
401
388
406
335
402
422
360
386
349
377
356
378
368
374
528
434
364
394
389
442
385
361
352
376
370
354
368
444
374
379
355
453
399
406
390
453
349
379
395
398
389
420
402
429
362
357
494
374
398
400
354
364
373
358
416
386
409
340
438
387
411
338
375
386
436
372
382
371
361
398
393
453
335
475
344
389
415
383
359
382
374
397
452
362
376
378
393
389
387
361
398
434
390
349
379
355
472
340
372
388
347
370
382
333
363
418
444
419
429
430
369
377
349
343
432
449
390
377
393
462
393
330
380
391
402
361
364
361
391
354
383
416
442
399
359
403
374
375
342
426
383
400
371
365
386
493
352
405
329
396
406
387
515
376
361
411
421
413
399
428
391
369
346
407
369
384
377
376
349
393
384
386
356
457
486
395
445
410
364
409
411
356
324
412
361
332
366
364
