765.567
681.11
625.148
789.805
730.597
736.313
777.592
880.832
670.575
730.597
747.878
708.174
686.439
596.584
670.575
719.298
675.822
702.677
564.901
670.575
639.938
702.677
660.204
742.073
670.575
639.938
730.597
719.298
697.222
697.222
639.938
894.664
747.878
753.729
681.11
691.809
765.567
697.222
681.11
821.182
625.148
615.478
665.369
665.369
759.625
736.313
795.983
730.597
771.556
681.11
675.822
765.567
670.575
660.204
697.222
777.592
578.268
713.715
670.575
681.11
708.174
665.369
665.369
808.484
765.567
753.729
697.222
691.809
649.992
736.313
660.204
713.715
639.938
569.322
601.252
724.926
765.567
655.078
697.222
697.222
736.313
681.11
795.983
724.926
691.809
625.148
587.355
620.294
691.809
702.677
675.822
730.597
649.992
736.313
681.11
730.597
777.592
639.938
747.878
730.597
747.878
759.625
783.675
783.675
747.878
675.822
649.992
765.567
702.677
697.222
713.715
691.809
686.439
665.369
697.222
821.182
795.983
730.597
730.597
724.926
730.597
702.677
675.822
742.073
675.822
697.222
747.878
634.97
697.222
630.04
686.439
713.715
655.078
795.983
691.809
686.439
681.11
691.809
747.878
753.729
742.073
724.926
660.204
702.677
713.715
639.938
630.04
771.556
736.313
765.567
630.04
681.11
605.957
759.625
742.073
747.878
702.677
691.809
742.073
644.946
708.174
708.174
639.938
681.11
713.715
697.222
759.625
736.313
719.298
681.11
634.97
702.677
665.369
655.078
675.822
789.805
686.439
697.222
610.699
702.677
724.926
644.946
759.625
730.597
675.822
808.484
639.938
753.729
736.313
630.04
681.11
771.556
808.484
827.605
582.794
697.222
578.268
724.926
649.992
742.073
847.178
691.809
610.699
686.439
655.078
639.938
783.675
686.439
644.946
691.809
719.298
719.298
730.597
660.204
620.294
730.597
681.11
649.992
649.992
753.729
802.209
736.313
736.313
665.369
753.729
639.938
660.204
713.715
736.313
686.439
713.715
747.878
771.556
759.625
814.809
765.567
639.938
660.204
605.957
708.174
686.439
587.355
655.078
686.439
765.567
802.209
827.605
834.079
639.938
649.992
736.313
777.592
573.778
675.822
634.97
665.369
665.369
639.938
634.97
708.174
730.597
713.715
702.677
742.073
660.204
660.204
730.597
719.298
620.294
765.567
759.625
719.298
730.597
789.805
625.148
747.878
670.575
708.174
713.715
587.355
591.951
759.625
675.822
582.794
665.369
730.597
736.313
655.078
644.946
551.842
713.715
708.174
736.313
625.148
771.556
691.809
665.369
697.222
742.073
644.946
719.298
771.556
691.809
730.597
644.946
691.809
665.369
759.625
730.597
702.677
649.992
649.992
620.294
582.794
702.677
644.946
644.946
625.148
681.11
777.592
670.575
630.04
759.625
660.204
708.174
724.926
639.938
630.04
675.822
665.369
789.805
730.597
736.313
681.11
771.556
724.926
771.556
649.992
691.809
681.11
686.439
708.174
719.298
620.294
620.294
702.677
691.809
713.715
719.298
777.592
713.715
686.439
670.575
713.715
670.575
596.584
747.878
655.078
625.148
742.073
644.946
708.174
686.439
691.809
697.222
639.938
630.04
742.073
901.661
686.439
808.484
708.174
777.592
670.575
915.821
625.148
675.822
675.822
675.822
742.073
655.078
777.592
808.484
630.04
730.597
665.369
670.575
697.222
719.298
777.592
630.04
655.078
702.677
789.805
719.298
639.938
665.369
655.078
759.625
765.567
697.222
675.822
573.778
630.04
765.567
665.369
649.992
596.584
681.11
708.174
765.567
724.926
582.794
686.439
644.946
660.204
708.174
702.677
639.938
655.078
670.575
655.078
681.11
697.222
655.078
777.592
708.174
736.313
697.222
789.805
634.97
691.809
681.11
840.603
742.073
660.204
719.298
795.983
686.439
634.97
681.11
691.809
821.182
630.04
587.355
730.597
783.675
708.174
894.664
670.575
765.567
691.809
691.809
808.484
708.174
702.677
753.729
620.294
655.078
708.174
808.484
736.313
634.97
719.298
759.625
686.439
697.222
759.625
620.294
660.204
747.878
670.575
634.97
675.822
702.677
686.439
708.174
691.809
639.938
675.822
708.174
747.878
827.605
639.938
644.946
644.946
719.298
814.809
724.926
719.298
771.556
665.369
686.439
783.675
708.174
742.073
691.809
736.313
730.597
708.174
