764.883
667.014
698.969
697.808
626.22
734.583
672.057
741.397
806.57
704.509
660.788
612.468
650.063
648.592
623.843
662.247
685.513
721.429
727.751
649.61
698.907
657.692
853.928
664.245
704.809
719.369
766.006
613.447
623.389
633.626
740.619
627.557
744.733
642.962
666.755
785.716
732.482
660.034
761.866
710.284
692.855
703.992
754.211
712.096
617.71
643.579
617.134
651.939
660.916
644.724
659.207
624.976
697.415
694.398
687.782
737.025
711.25
658.224
595.782
722.901
748.215
602.694
708.329
863.071
696.05
646.252
602.12
725.595
720.389
691.418
726.891
809.679
600.733
642.064
695.241
809.679
643.704
714.024
718.062
686.975
684.321
659.354
649.522
633.025
731.672
751.577
720.346
664.594
622.355
745.218
748.705
651.603
771.522
744.571
639.6
680.996
691.169
780.25
600.613
752.638
745.38
679.131
705.223
720.476
702.57
769.345
707.666
645.14
640.765
718.04
758.93
682.875
705.503
703.992
687.565
621.179
600.839
688.255
665.608
651.409
690.602
693.173
711.168
631.708
701.195
767.844
786.747
682.899
697.405
748.238
669.657
617.614
602.12
702.426
695.082
652.609
728.784
727.376
641.759
633.125
639.689
778.27
776.992
768.532
691.973
711.906
557.626
741.672
764.304
733.532
717.675
703.827
639.629
827.489
667.088
658.161
699.723
704.137
804.387
640.201
642.687
727.983
637.387
799.164
644.136
675.129
692.056
631.791
800.844
671.718
738.068
653.244
705.13
798.945
791.939
730.742
794.824
661.025
607.961
705.731
790.732
703.002
694.78
647.542
726.407
777.004
671.08
703.002
694.258
642.412
696.795
712.942
687.063
694.941
660.286
718.847
699.351
671.53
889.171
702.668
780.301
625.72
675.69
718.277
690.98
747.656
655.876
658.008
639.67
681.058
625.078
739.25
598.546
707.218
687.218
654.375
691.737
768.09
627.497
614.169
614.916
624.753
633.727
707.77
739.66
684.985
750.854
783.05
659.042
696.752
633.861
680.576
678.282
683.113
710.641
759.942
820.572
790.309
662.851
625.078
728.557
644.811
622.161
772.845
686.592
646.113
674.474
626.432
648.802
694.419
775.535
648.067
609.862
740.616
743.418
841.812
751.424
685.18
637.513
648.244
686.003
735.85
713.536
733.803
659.445
698.664
680.556
722.558
648.662
715.301
688.443
701.559
735.963
687.436
730.475
715.744
573.79
707.082
613.792
859.809
663.419
666.366
710.705
730.431
695.334
692.375
692.755
706.864
606.885
685.078
803.283
752.933
712.371
750.367
775.711
600.012
720.974
701.81
676.375
773.897
700.56
629.241
609.736
691.896
683.502
704.445
681.861
750.015
673.641
847.834
605.798
597.585
752.741
689.788
678.44
699.713
675.766
754.827
683.989
695.102
783.69
680.248
812.805
689.194
658.775
778.226
760.617
826.99
710.242
674.702
684.048
610.203
709.025
772.639
625.037
655.742
754.116
689.987
712.091
709.853
694.298
609.614
776.188
662.924
614.325
687.122
692.225
708.209
665.414
713.525
826.577
648.872
651.135
794.718
695.42
659.427
734.808
732.135
612.969
760.424
735.76
741.259
668.24
745.149
742.567
704.736
729.709
704.86
652.817
692.006
713.026
699.03
656.972
649.061
783.408
665.276
696.858
664.53
658.233
596.137
638.787
669.19
778.352
748.845
691.438
717.718
635.909
657.728
627.759
690.374
678.977
711.031
775.085
799.157
739.296
718.223
688.009
717.589
746.609
644.36
775.883
757.4
594.329
668.165
645.105
762.792
705.855
732.37
654.785
718.685
694.173
707.478
801.513
697.527
618.697
768.631
661.061
563.425
625.233
778.327
924.198
627.956
767.844
706.728
737.433
611.228
666.384
655.984
771.46
791.756
739.751
721.689
723.931
577.657
784.946
696.868
795.14
703.002
690.652
681.794
668.054
669.353
781.189
651.453
638.072
631.11
686.826
655.639
616.948
609.707
658.847
797.028
599.877
650.614
769.987
732.188
613.812
659.662
701.195
776.715
744.802
857.896
606.249
627.743
713.732
646.461
701.236
615.555
754.209
602.21
797.571
739.341
608.023
694.479
679.901
756.302
775.553
625.991
747.295
782.731
621.122
789.191
617.614
693.115
723.691
694.459
696.474
622.387
686.631
630.066
639.485
656.972
629.109
729.676
835.963
787.831
657.08
592.367
645.036
745.195
