92.1869
122.792
83.4312
109.738
86.0237
118.033
90.9932
82.2297
95.139
88.8257
108.943
92.8899
88.5244
111.073
75.1756
98.4452
84.1226
152.009
100.117
99.8303
104.767
71.2615
88.9121
99.9532
69.2887
121.952
105.707
121.324
102.018
107.733
69.7383
107.637
87.8434
92.28
93.293
100.172
98.0096
96.3683
92.4668
84.59
100.614
110.736
78.0831
102.562
144.782
89.7198
89.5659
107.227
84.4239
123.78
94.9166
106.353
97.4672
88.6963
113.452
107.876
115.423
90.4303
82.9013
98.9783
84.1033
99.9532
115.35
94.1827
77.6187
103.345
80.9187
113.593
137.379
96.9564
84.2778
106.044
94.1584
77.487
103.756
89.0421
108.888
146.641
76.9648
85.2213
100.172
85.5398
110.003
108.243
105.25
106.477
93.6037
82.7511
79.7183
111.073
106.851
89.7418
112.648
88.3532
103.521
87.1729
93.6997
79.1571
95.0647
74.0034
108.5
88.3105
99.059
89.808
107.86
127.594
109.87
98.1807
89.522
74.38
148.187
93.2157
113.276
104.289
90.0071
92.7249
73.6751
80.3847
90.6321
101.059
84.5117
93.4839
109.475
111.684
90.9027
75.9727
95.6088
84.59
79.372
110.786
101.777
92.5356
110.837
70.902
78.8582
91.1748
90.3185
114.054
103.111
97.7082
83.0143
108.888
106.291
111.684
87.8223
141.365
106.726
104.468
82.1373
88.4815
93.2216
87.928
94.6216
101.847
90.4247
113.558
94.4504
90.0958
95.3375
99.0322
93.6037
120.683
109.393
107.828
94.3773
82.3733
90.6321
73.9136
114.304
91.5403
137.898
92.6543
84.2778
159.715
109.936
92.4639
104.289
101.325
76.8353
105.554
99.2473
102.075
109.936
84.2778
103.112
137.328
89.3032
88.8635
98.128
106.106
95.1637
98.9785
88.9554
101.494
91.2887
104.349
81.5689
116.304
131.213
84.6488
84.7469
95.9131
97.9702
96.9821
112.474
78.5868
82.9766
99.6805
86.3489
103.345
110.335
94.426
98.4452
111.259
95.263
117.558
82.6762
72.969
90.5872
109.738
113.452
79.7183
81.3872
112.095
106.229
104.767
96.8793
84.2778
101.734
100.063
89.9185
100.725
96.2161
115.642
105.737
93.9647
101.947
74.6154
85.0626
107.987
97.3438
140.118
106.601
115.059
90.9932
119.421
107.132
111.479
114.192
90.2739
99.9532
100.503
113.832
86.4306
106.353
124.762
116.527
90.0958
96.1655
107.669
108.694
100.6
94.7689
123.623
108.5
111.923
103.58
90.9932
79.3677
100.524
89.3906
103.228
89.9185
105.577
106.214
85.1418
105.737
107.07
90.2293
100.544
114.483
97.0594
100.448
99.1396
109.541
81.0263
102.822
93.1266
98.8447
123.289
102.706
97.8128
106.353
116.508
75.6895
110.335
88.1371
116.49
91.9086
88.6103
122.874
105.25
105.19
88.8689
107.987
109.672
77.817
90.6321
114.447
80.4201
116.49
126.841
91.5403
97.1885
91.3115
96.0139
94.9166
108.372
92.3733
121.204
80.4909
117.7
95.7121
95.1513
118.033
105.372
104.692
128.582
115.569
85.5404
114.68
125.104
88.0551
76.8353
86.5945
96.5721
92.28
104.334
86.0237
95.0029
106.229
107.892
120.286
97.4477
112.164
122.115
92.4902
101.677
83.968
61.0167
96.6743
96.5721
104.17
80.9545
76.0993
115.715
103.112
109.406
118.415
81.8246
93.5557
99.0725
97.5517
96.7254
97.6038
103.58
99.2743
82.0819
99.3013
85.2213
111.369
101.621
134.201
106.718
105.19
165.465
107.321
82.7511
113.487
97.3957
85.5404
105.707
92.6543
93.8441
108.986
99.1396
129.677
89.3687
91.3572
86.4715
106.913
102.88
86.8414
110.568
99.803
81.4235
92.28
96.2161
79.8228
106.353
98.2864
101.961
121.163
120.108
85.1989
95.8627
116.231
95.0647
88.7825
109.214
99.2743
82.6014
91.9029
96.7254
98.128
92.7484
80.553
84.9044
132.21
100.393
83.0095
93.9889
76.0043
94.7689
81.4939
106.106
107.101
94.1827
91.7241
91.7126
90.5199
93.6997
118.955
83.8909
90.0071
110.335
95.2133
151.756
77.5528
110.193
130.504
111.957
80.9366
89.1181
94.1827
134.894
80.2082
111.005
98.9651
100.78
85.7009
109.214
78.2168
105.615
100.475
92.3266
116.676
80.8829
86.186
117.275
104.051
99.6126
101.734
79.7879
110.514
97.4988
106.788
92.7484
159.995
151.254
94.2791
85.3805
77.3558
100.836
67.7661
78.2838
88.3532
107.227
106.976
120.207
107.432
89.6098
111.275
102.075
94.3773
105.174
104.888
74.8829
85.2213
83.052
86.8414
124.784
135.545
104.888
87.3187
91.0839
104.17
106.283
108.694
75.6229
