84.239
102.189
92.7131
70.1533
82.378
86.1048
110.87
91.8393
125.555
119.852
79.7879
113.759
87.5069
86.5945
111.005
93.0199
108.243
99.3958
117.956
86.3872
96.7511
126.184
92.6074
107.669
84.6488
132.067
113.066
120.843
128.99
101.734
99.6262
146.877
102.418
92.6543
105.86
102.018
84.7469
121.546
98.8714
111.82
102.304
112.505
73.0273
91.8624
90.1403
93.0318
97.8128
77.9997
91.7241
102.118
121.526
111.957
125.75
85.4604
119.265
99.4093
85.7814
79.441
115.936
120.604
93.2209
84.7469
104.7
86.7178
114.339
96.2922
109.279
69.315
115.277
108.115
117.88
99.2204
93.5797
100.172
81.1703
116.825
118.646
96.5466
79.8926
97.2402
93.1266
82.1188
97.1368
107.923
99.0859
82.1742
89.216
93.5438
94.4749
103.521
103.316
108.726
105.921
98.6479
97.1723
87.7591
117.823
80.9904
98.578
102.533
84.5117
119.187
124.295
95.7622
104.888
78.752
133.368
79.0287
87.7591
96.7254
104.468
110.904
120.128
80.0676
97.9964
133.759
82.8637
116.157
95.662
122.874
76.7707
84.3362
83.6604
97.6038
89.7418
138.63
96.0643
91.3572
127.951
106.523
79.777
103.609
110.069
120.207
124.127
119.032
94.2312
100.725
137.018
123.576
108.179
85.7009
80.9904
130.185
119.11
129.298
93.0318
105.246
90.9932
86.0845
84.59
72.0199
100.269
92.7955
87.4231
91.9086
98.0819
95.2381
108.888
129.746
100.614
107.669
101.283
79.8926
75.6581
106.726
118.033
115.789
72.7801
95.7622
106.843
80.8292
142.246
84.59
76.9972
122.463
90.207
109.41
85.5204
106.726
117.106
75.9411
108.565
88.3852
128.672
94.7197
86.9241
107.085
108.179
92.0244
109.656
102.418
96.1591
90.4527
79.8184
104.289
124.72
113.311
93.8441
116.064
119.97
90.3408
90.7193
87.9703
103.462
78.8241
107.479
89.216
87.8329
79.5448
84.1226
105.585
141.969
78.7562
82.0819
116.157
94.1827
90.7897
95.5869
137.573
94.5727
95.1266
84.7666
100.78
86.186
109.97
93.2097
83.2791
90.0958
93.0791
115.715
111.106
146.406
100.836
130.324
92.28
92.8427
71.6527
122.709
91.6091
87.1729
87.8857
101.677
94.3712
107.796
128.854
114.483
79.7183
90.8123
113.628
105.906
85.4205
97.1885
80.8829
96.1655
106.291
104.767
109.804
93.2216
103.815
88.8689
122.957
125.318
83.6508
88.6103
141.749
146.406
137.794
101.734
93.4123
84.8256
91.7241
110.468
97.292
85.7814
102.39
91.3572
85.4604
100.752
98.8982
96.8793
97.3049
98.8714
107.701
84.3557
88.6103
94.9659
101.593
109.148
127.996
84.7469
92.9844
107.637
107.987
90.2182
82.5828
94.1827
106.851
82.0727
101.847
81.2335
91.9549
88.4387
132.738
99.9532
111.684
104.17
120.049
109.541
96.0643
109.672
98.6312
107.097
126.621
74.6993
121.708
116.231
78.9263
92.8427
123.206
92.2567
80.0326
85.2213
105.797
107.211
103.58
81.788
95.1142
76.3696
125.318
92.537
110.602
78.8241
89.0421
82.2667
111.445
104.408
103.933
89.129
124.465
107.101
99.7349
72.1265
101.961
96.7703
81.478
126.885
89.0367
115.132
85.1716
102.88
92.7955
125.361
135.294
90.9027
134.646
122.627
94.5482
88.6963
77.0297
77.3886
96.0643
92.8427
106.96
111.005
70.5461
82.9766
99.5719
86.8208
106.976
90.1403
71.8217
97.0852
98.4983
111.889
111.102
80.9097
96.7254
100.558
81.9715
116.231
93.1207
93.7959
86.4664
93.9405
125.663
132.594
95.8125
118.877
101.621
121.163
93.0199
94.7197
92.7837
107.07
106.976
116.825
108.115
70.4781
91.1635
97.9177
110.971
95.662
106.601
123.372
116.975
99.9258
92.7484
117.577
103.697
102.764
82.4523
82.5781
90.0514
77.6104
85.7814
150.568
76.8666
116.527
127.683
81.5689
103.112
117.275
104.767
90.7221
99.3013
121.556
159.02
101.059
84.2778
87.6748
107.669
86.3082
90.6293
129.401
102.735
173.333
112.37
76.2263
83.1276
98.8179
84.7469
75.6895
108.694
132.594
120.683
101.185
85.9024
126.01
105.967
111.275
85.862
79.2687
89.0312
104.948
87.4231
106.976
97.498
105.001
113.77
113.311
102.88
87.6748
84.59
108.42
91.978
111.208
89.325
100.503
112.996
75.7522
91.6321
87.928
124.805
101.734
98.9785
94.3773
79.9975
81.1703
104.274
85.3008
92.7484
104.051
100.063
99.3013
97.4997
109.738
90.5816
82.2297
99.9532
94.0736
113.664
75.0984
90.3632
134.349
145.473
102.641
96.8536
99.9258
82.0082
