1056.92
1107.36
962.605
1075.56
811.895
915.861
820.267
863.26
981.676
1000.49
1218.1
1029.01
1259.83
700.055
883.745
1064.23
892.378
1190.32
968.986
921.781
1221.02
1060.75
1281.64
904.527
881.613
945.176
776.269
816.544
984.32
1032.28
1138.41
957.55
1068.51
725.732
740.484
888.041
1247.06
756.581
1029.38
905.367
1025.23
821.188
1267.75
1096.56
886.963
909.027
848.847
1143.3
1279.96
917.586
1143.29
1293.55
927.926
1122.67
824.779
1042.22
803.582
927.484
878.171
876.985
943.042
1255.23
1001.86
935.647
890.204
1240.58
1126.13
1335.51
926.896
863.882
949.166
760.914
1049.71
665.626
1080.35
1699.42
1016.47
1113.9
815.206
884.146
819.347
1045.58
913.001
855.304
1208.03
1021.46
911.294
808.247
1059.21
887.771
1336.12
1104.43
770.134
1036.68
974.802
889.121
780.414
710.605
874.231
810.488
1116.56
684.965
1010.17
1034.11
1100.69
1218.6
1016.49
841.456
1033.38
1046.14
722.102
1038.06
1186.22
1167.5
1098
677.975
926.309
975.127
676.72
920.475
989.986
972.855
952.257
825.361
1502.28
957.717
1012.27
849.217
1056.15
1159.98
865.432
1095.3
1067.53
922.8
1025.76
636.22
877.38
864.92
843.459
843.946
1055.39
754.58
906.771
1000.49
1239.79
824.43
882.145
900.002
940.615
853.556
951.289
1361
1171.25
974.477
666.841
1150.96
1364.49
1034.48
1165.64
1079.55
1153.45
694.072
751.524
799.844
943.042
923.966
993.688
981.017
947.934
897.032
1226.01
900.071
1081
1062.29
966.383
1004.62
1032.28
942.434
1123.53
1300.46
810.263
784.919
730.127
862.878
695.392
809.142
1128.3
1388.14
843.916
690.465
720.767
949.782
817.971
891.154
710.951
993.013
660.215
1167.27
886.963
1072.42
761.31
960.391
913.429
939.405
1338.41
955.369
1102.97
912.431
886.421
1045.58
623.067
936.997
981.017
976.103
940.458
1227.82
1315.08
884.28
971.562
1390.45
814.269
1187.42
905.227
1136.64
979.62
971.723
1168.44
819.318
1011.39
1126.13
886.896
1248.26
1040.74
992.676
854.304
940.615
957.717
924.843
1094.51
1078.76
799.188
950.4
858.822
970.272
649.651
988.313
790.757
697.383
879.492
927.484
1031.92
1032.19
967.222
841.033
785.024
925.649
1160.09
821.65
1155.96
1214.05
1124.18
1160.09
943.346
957.09
1189.84
1059.98
826.294
946.707
834.253
829.813
914.715
885.351
781.248
1142.86
864.92
923.784
1058.64
1100.48
921.636
1050.08
1014.9
785.657
941.827
1282.21
1273.27
1547.97
743.875
749.567
739.734
984.651
743.402
969.307
770.54
945.788
1138.19
863.387
1194.7
926.896
1050.65
977.082
1071.44
802.479
1150.96
697.3
894.015
1031.53
1298.15
775.034
1063.07
1065.39
1000.49
922.8
973.827
905.647
946.4
1256.85
1202.07
1161.01
736.01
1056.87
1341.95
1362.75
813.872
747.298
814.78
1121.81
866.972
1083.55
888.716
966.423
843.338
1249.33
1147.79
975.127
901.181
1053.11
935.647
687.461
747.107
1139.96
805.797
862.623
824.43
992.676
1077.12
1019.33
1222.17
1040.92
1218.1
1051.97
1194.39
1022.89
1117.09
1210.03
856.808
975.778
807.354
891.833
873.448
760.914
955.369
1003.93
1098.62
898.756
1179.28
1154.94
1082.65
737.309
1145.32
1212.54
787.35
926.309
925.136
812.967
923.966
749.573
825.828
849.094
940.615
1137.96
1391.45
631.138
994.364
1020.75
1259.56
1040.37
1273.27
766.801
1177.85
998.439
1225.76
1478.72
1003.93
804.466
1326.42
968.665
1105.25
948.55
936.397
1228.33
1037.37
805.797
1237.69
806.686
892.923
1044.08
777.508
732.689
1140.63
885.888
888.581
969.307
969.267
1004.62
1210.03
1364.49
1134.87
1524.21
1108.62
1234.56
1137.41
738.24
1196.66
1133.06
1180.71
980.852
1015.08
937.899
1110.73
802.975
992.339
647.923
1175.96
868.002
1037.41
861.86
808.01
999.122
963.556
1166.34
917.874
933.407
1175.96
842.002
719.348
965.785
1080.35
1167.5
705.376
999.122
945.482
943.042
1262.28
1010.87
898.964
1052.35
1193.72
885.888
780.831
951.637
933.854
886.341
987.478
778.336
740.484
1062.2
1009.47
782.503
1303.36
722.013
873.905
1007.73
1212.54
660.215
838.259
826.061
790.971
840.549
814.326
1166.57
872.666
859.327
1207.78
925.136
908.462
882.412
1334.9
809.366
1232.47
1494.21
914.429
1005.31
1290.13
810.039
831.465
1079.55
1082.75
873.057
765.283
939.405
