629.439
674.531
712.117
761.727
668.23
776.213
806.895
656.396
769.938
779.313
647.787
709.255
810.499
674.133
720.995
672.565
608.054
723.342
740.802
696.499
769.74
698.796
638.515
776.489
792.985
831.042
745.45
601.305
752.85
697.258
654.419
658.992
665.165
685.493
641.433
692.425
650.059
597.378
676.337
640.03
706.666
737.614
706.167
750.297
731.009
814.404
728.878
666.94
695.102
617.932
788.116
733.209
779.389
765.761
704.199
742.234
605.553
642.721
710.852
624.427
675.994
652.329
627.692
705.231
745.542
637.023
660.225
815.068
726.561
680.672
612.82
741.855
663.692
682.335
703.992
630.133
693.736
703.951
845.743
647.245
747.338
757.054
682.88
765.823
813.3
727.883
671.324
693.656
717.395
832.541
667.868
695.815
692.85
656.415
701.93
727.442
640.585
830.754
703.291
682.297
706.105
650.735
820.863
695.747
707.635
653.146
691.298
776.112
700.908
756.606
689.427
721.95
635.438
694.298
709.853
689.491
699.641
748.326
713.727
632.641
701.748
731.321
669.283
681.716
664.226
596.664
606.717
785.074
686.121
738.903
771.571
802.8
734.769
650.138
648.899
647.071
772.366
784.074
693.175
643.04
691.951
607.515
597.949
639.834
619.047
685.961
707.394
669.61
652.258
613.196
637.819
666.236
606.134
702.786
749.032
667.032
819.297
725.178
647.053
696.747
765.662
713.706
802.209
631.056
857.651
717.332
773.162
760.267
749.313
701.005
707.896
700.295
692.495
692.196
655.68
760.471
682.2
713.535
624.363
688.957
708.23
752.909
815.262
778.681
904.144
720.811
676.066
738
703.682
611.743
767.071
719.828
671.794
709.99
686.052
703.414
657.386
682.414
632.658
673.793
636.466
640.628
650.244
696.959
727.288
728.695
661.608
693.574
736.573
693.035
738.111
742.383
769.148
695.868
659.844
719.849
851.565
698.379
681.755
682.992
756.35
703.868
648.592
750.754
694.951
600.884
674.095
706.937
780.123
796.135
813.383
715.525
812.364
708.606
819.745
761.383
677.636
646.495
682.104
680.749
738.386
731.098
709.381
587.434
714.758
741.672
671.869
704.653
753.359
610.11
665.977
688.937
761.485
668.556
725.441
716.604
682.802
630.862
743.971
695.888
658.92
716.54
603.407
852.351
633.994
661.389
725.178
671.005
719.892
640.081
748.799
771.77
710.81
702.621
694.298
732.526
690.9
666.199
731.009
712.456
663.437
722.819
697.283
671.606
632.958
736.211
721.863
718.944
685.415
778.63
706.479
666.866
719.396
659.49
633.392
711.337
730.625
696.777
707.603
713.791
718.965
638.651
745.89
666.754
640.543
714.471
689.947
696.616
613.949
810.978
767.623
730.297
743.326
827.261
684.867
646.008
592.188
701.889
774.747
811.348
688.048
658.92
663.217
628.187
724.74
691.657
615.918
661.786
654
733.87
671.192
715.173
705.295
703.157
741.076
677.942
746.33
641.776
645.548
714.205
745.299
670.602
691.936
716.984
785.401
754.813
608.995
599.982
813.742
739.432
760.508
710.62
753.959
669.489
708.648
677.521
692.775
712.318
726.935
758.669
631.243
803.7
670.405
768.557
641.107
667.924
644.759
620.745
702.21
585.314
726.671
621.267
767.77
697.608
645.765
626.154
717.825
632.658
761.075
676.47
723.779
710.179
660.37
658.811
606.012
622.198
671.286
686.277
740.55
701.932
679.602
618.713
740.961
715.301
818.431
691.139
762.877
620.569
715.621
630.513
713.788
658.468
695.746
722.21
755.196
585.032
678.997
613.384
685.611
678.057
707.927
714.035
613.823
688.68
652.436
682.676
806.848
810.663
662.485
704.24
701.933
686.277
781.826
703.806
693.175
797.385
777.974
630.199
670.812
639.74
675.185
696.909
668.91
660.877
642.687
722.645
646.905
681.213
734.005
654.232
729.887
736.482
716.304
750.297
725.529
706.063
644.101
633.856
685.141
613.572
814.888
695.564
675.081
710.873
713.6
713.706
710.471
661.098
824.073
622.484
716.946
684.946
657.008
690.364
676.671
746.783
773.006
753.713
618.187
693.977
721.169
754.685
653.181
644.863
728.944
677.98
698.43
617.313
830.122
716.775
711.832
789.867
818.096
678.622
571.645
692.59
728.878
644.412
646.391
641.93
682.754
734.657
752.862
636.483
788.009
799.883
808.179
759.125
766.055
694.097
