95.8841
108.574
102.034
111.998
98.9117
122.927
79.5506
115.53
95.8841
98.9117
90.1013
90.1013
108.574
90.1013
126.799
87.3407
98.9117
105.254
90.1013
111.998
126.799
95.8841
82.0678
82.0678
108.574
98.9117
98.9117
98.9117
98.9117
115.53
111.998
98.9117
90.1013
119.171
98.9117
82.0678
108.574
84.6637
95.8841
87.3407
95.8841
79.5506
98.9117
108.574
95.8841
102.034
105.254
108.574
130.793
119.171
115.53
90.1013
122.927
119.171
92.9482
115.53
74.7427
90.1013
95.8841
105.254
119.171
111.998
90.1013
95.8841
90.1013
126.799
95.8841
115.53
92.9482
111.998
87.3407
98.9117
108.574
98.9117
108.574
92.9482
108.574
139.159
102.034
92.9482
84.6637
90.1013
90.1013
105.254
122.927
84.6637
130.793
105.254
90.1013
87.3407
102.034
90.1013
108.574
98.9117
87.3407
102.034
95.8841
90.1013
98.9117
115.53
111.998
79.5506
102.034
79.5506
105.254
119.171
111.998
92.9482
90.1013
102.034
115.53
87.3407
87.3407
98.9117
92.9482
92.9482
90.1013
111.998
108.574
102.034
126.799
105.254
111.998
108.574
82.0678
102.034
95.8841
111.998
111.998
95.8841
90.1013
70.2218
95.8841
108.574
108.574
92.9482
108.574
105.254
115.53
79.5506
90.1013
115.53
95.8841
98.9117
98.9117
115.53
108.574
98.9117
98.9117
95.8841
92.9482
102.034
115.53
92.9482
122.927
90.1013
98.9117
90.1013
102.034
98.9117
95.8841
102.034
105.254
119.171
92.9482
90.1013
105.254
98.9117
90.1013
82.0678
95.8841
105.254
82.0678
92.9482
108.574
105.254
98.9117
105.254
111.998
79.5506
108.574
98.9117
84.6637
122.927
98.9117
102.034
98.9117
105.254
119.171
122.927
72.4475
105.254
102.034
82.0678
98.9117
95.8841
105.254
108.574
84.6637
105.254
84.6637
95.8841
102.034
90.1013
92.9482
84.6637
105.254
92.9482
84.6637
122.927
102.034
105.254
90.1013
119.171
98.9117
115.53
77.1097
95.8841
84.6637
92.9482
108.574
95.8841
143.539
98.9117
108.574
102.034
108.574
95.8841
108.574
102.034
108.574
92.9482
82.0678
108.574
102.034
105.254
82.0678
77.1097
130.793
95.8841
102.034
111.998
105.254
92.9482
105.254
98.9117
105.254
90.1013
90.1013
95.8841
105.254
105.254
105.254
98.9117
84.6637
87.3407
111.998
92.9482
105.254
108.574
122.927
111.998
98.9117
111.998
108.574
79.5506
95.8841
102.034
115.53
95.8841
87.3407
95.8841
95.8841
95.8841
102.034
84.6637
108.574
98.9117
115.53
102.034
105.254
111.998
90.1013
108.574
92.9482
90.1013
82.0678
95.8841
98.9117
98.9117
95.8841
105.254
87.3407
105.254
87.3407
79.5506
119.171
98.9117
95.8841
98.9117
95.8841
111.998
98.9117
98.9117
105.254
84.6637
122.927
102.034
102.034
119.171
79.5506
108.574
87.3407
102.034
87.3407
82.0678
105.254
98.9117
105.254
108.574
77.1097
105.254
111.998
90.1013
87.3407
105.254
111.998
98.9117
90.1013
108.574
95.8841
84.6637
92.9482
108.574
105.254
139.159
102.034
82.0678
115.53
111.998
98.9117
108.574
119.171
95.8841
92.9482
92.9482
102.034
74.7427
98.9117
98.9117
108.574
105.254
90.1013
102.034
92.9482
98.9117
108.574
90.1013
84.6637
102.034
122.927
98.9117
105.254
87.3407
92.9482
82.0678
111.998
111.998
98.9117
84.6637
108.574
95.8841
111.998
92.9482
98.9117
105.254
122.927
87.3407
87.3407
102.034
95.8841
82.0678
111.998
87.3407
98.9117
102.034
84.6637
105.254
92.9482
95.8841
95.8841
115.53
90.1013
90.1013
87.3407
102.034
82.0678
111.998
95.8841
87.3407
74.7427
95.8841
105.254
119.171
98.9117
92.9482
126.799
108.574
102.034
95.8841
90.1013
79.5506
105.254
102.034
102.034
111.998
95.8841
90.1013
115.53
108.574
108.574
102.034
134.911
95.8841
115.53
98.9117
87.3407
90.1013
98.9117
98.9117
90.1013
98.9117
105.254
105.254
102.034
87.3407
115.53
87.3407
82.0678
102.034
84.6637
84.6637
90.1013
105.254
105.254
95.8841
98.9117
74.7427
92.9482
111.998
92.9482
108.574
87.3407
119.171
126.799
98.9117
82.0678
84.6637
111.998
111.998
87.3407
84.6637
92.9482
119.171
84.6637
111.998
92.9482
126.799
115.53
84.6637
92.9482
98.9117
102.034
115.53
102.034
111.998
105.254
115.53
92.9482
108.574
102.034
95.8841
130.793
115.53
102.034
108.574
108.574
95.8841
105.254
102.034
77.1097
95.8841
92.9482
95.8841
92.9482
95.8841
90.1013
90.1013
92.9482
105.254
