783.675
702.677
670.575
675.822
719.298
724.926
660.204
724.926
681.11
686.439
724.926
596.584
681.11
867.213
777.592
834.079
649.992
783.675
708.174
675.822
834.079
649.992
708.174
713.715
753.729
639.938
665.369
634.97
821.182
747.878
708.174
625.148
697.222
675.822
681.11
691.809
708.174
702.677
655.078
691.809
670.575
789.805
783.675
724.926
702.677
644.946
708.174
655.078
783.675
789.805
789.805
730.597
649.992
724.926
630.04
634.97
736.313
649.992
771.556
808.484
724.926
691.809
765.567
724.926
691.809
747.878
691.809
665.369
675.822
665.369
587.355
681.11
708.174
697.222
620.294
753.729
730.597
634.97
719.298
615.478
691.809
686.439
719.298
605.957
649.992
724.926
719.298
736.313
675.822
681.11
730.597
708.174
665.369
808.484
691.809
655.078
697.222
783.675
605.957
660.204
802.209
753.729
596.584
634.97
691.809
615.478
686.439
634.97
686.439
639.938
639.938
681.11
686.439
697.222
665.369
702.677
742.073
634.97
736.313
655.078
686.439
808.484
747.878
691.809
697.222
724.926
665.369
747.878
702.677
670.575
634.97
853.804
789.805
777.592
686.439
719.298
777.592
777.592
697.222
691.809
759.625
730.597
719.298
670.575
702.677
634.97
753.729
691.809
649.992
795.983
724.926
649.992
724.926
702.677
765.567
686.439
591.951
681.11
670.575
821.182
630.04
742.073
753.729
681.11
708.174
634.97
681.11
783.675
759.625
765.567
765.567
639.938
630.04
639.938
713.715
660.204
691.809
759.625
742.073
670.575
708.174
675.822
644.946
675.822
724.926
686.439
736.313
649.992
655.078
742.073
569.322
742.073
747.878
719.298
691.809
655.078
670.575
625.148
713.715
569.322
702.677
681.11
601.252
665.369
665.369
730.597
681.11
610.699
724.926
789.805
719.298
582.794
713.715
660.204
691.809
708.174
665.369
814.809
742.073
660.204
702.677
644.946
719.298
686.439
702.677
795.983
681.11
759.625
713.715
697.222
742.073
697.222
670.575
708.174
753.729
713.715
644.946
697.222
630.04
670.575
691.809
691.809
771.556
675.822
639.938
660.204
771.556
697.222
691.809
670.575
601.252
639.938
681.11
742.073
719.298
802.209
649.992
730.597
665.369
655.078
777.592
742.073
719.298
660.204
681.11
697.222
681.11
759.625
730.597
655.078
821.182
649.992
691.809
691.809
691.809
708.174
625.148
644.946
691.809
639.938
675.822
697.222
634.97
615.478
625.148
742.073
686.439
827.605
670.575
665.369
742.073
742.073
675.822
789.805
713.715
697.222
556.161
610.699
771.556
771.556
697.222
789.805
702.677
660.204
675.822
753.729
686.439
610.699
660.204
660.204
573.778
691.809
634.97
814.809
697.222
670.575
686.439
736.313
753.729
759.625
736.313
686.439
789.805
724.926
639.938
736.313
697.222
747.878
759.625
644.946
697.222
730.597
853.804
649.992
697.222
665.369
724.926
655.078
730.597
665.369
644.946
649.992
655.078
713.715
681.11
713.715
660.204
660.204
697.222
765.567
771.556
753.729
847.178
808.484
578.268
702.677
724.926
708.174
702.677
802.209
697.222
665.369
655.078
686.439
596.584
719.298
783.675
771.556
610.699
724.926
649.992
660.204
686.439
625.148
795.983
847.178
670.575
697.222
634.97
765.567
665.369
630.04
675.822
713.715
655.078
789.805
765.567
670.575
605.957
601.252
759.625
620.294
634.97
724.926
660.204
765.567
753.729
601.252
691.809
753.729
665.369
670.575
753.729
730.597
753.729
670.575
730.597
686.439
681.11
675.822
675.822
765.567
691.809
655.078
697.222
702.677
702.677
697.222
719.298
660.204
724.926
675.822
747.878
649.992
742.073
630.04
713.715
759.625
795.983
675.822
747.878
665.369
691.809
686.439
686.439
847.178
675.822
675.822
686.439
665.369
765.567
730.597
686.439
713.715
777.592
708.174
649.992
730.597
639.938
724.926
702.677
665.369
686.439
665.369
639.938
644.946
665.369
625.148
691.809
702.677
686.439
691.809
681.11
724.926
742.073
691.809
814.809
753.729
587.355
639.938
660.204
802.209
736.313
634.97
596.584
730.597
665.369
675.822
686.439
795.983
601.252
777.592
630.04
708.174
620.294
675.822
708.174
601.252
719.298
665.369
670.575
730.597
713.715
708.174
630.04
697.222
719.298
660.204
777.592
639.938
