485.781
461.4
471.445
549.927
404.571
561.658
638.303
429.127
401.129
576.386
420.275
587.27
386.288
783.972
465.514
441.073
384.611
473.967
413.849
422.705
683.024
549.285
506.485
633.188
525.797
557.056
447.829
534.253
352.981
542.983
588.926
500.673
440.259
433.864
459.948
567.436
365.749
486.428
385.88
431.312
446.053
366.896
578.21
584.219
539.764
442.408
395.914
442.408
435.812
419.07
529.607
510.197
635.528
541.376
528.936
591.07
505.959
378.879
428.153
587.27
490.508
466.108
531.92
506.836
425.412
448.379
492.16
420.275
547.049
506.046
677.897
394.738
562.847
391.776
536.114
549.93
495.581
569.176
630.05
606.521
469.703
543.591
463.732
461.109
489.031
680.5
522.694
500.587
563.064
659.842
431.439
521.11
434.001
508.777
404.851
428.53
433.229
353.99
361.363
559.83
365.978
451.704
374.031
516.781
580.968
537.395
486.347
472.13
593.228
435.293
526.365
549.517
662.309
539.976
344.176
533.667
595.161
467.282
603.267
534.643
465.811
497.182
424.424
475.509
478.937
469.684
502.308
497.775
472.435
581.777
442.776
543.793
497.605
533.278
433.486
420.033
545.823
448.93
596.132
361.99
538.782
438.69
734.53
625.734
422.95
475.664
391.251
342.082
506.836
549.517
467.749
394.631
470.913
411.519
469.025
463.154
592.988
535.819
478.937
506.836
479.408
477.061
426.622
647.923
385.473
389.583
405.132
476.75
433.743
558.973
440.807
665.588
488.541
709.57
499.903
557.056
332.208
482.096
691.118
471.217
506.134
378.977
556.632
462.166
600.787
502.988
450.59
430.169
558.973
589.401
441.873
623.865
427.402
516.872
511.715
623.599
540.375
455.647
554.52
447.281
352.644
500.587
482.096
498.539
375.714
532.695
717.935
376.731
452.824
521.296
556.208
441.339
366.436
376.149
461.4
560.689
707.253
530.376
522.601
587.506
536.976
425.288
578.21
593.228
461.983
501.79
445.102
551.071
460.238
504.562
498.539
449.758
350.195
590.353
434.775
328.771
384.561
479.86
472.588
511.805
406.032
531.05
519.444
458.937
564.805
388.754
440.011
514.643
611.021
643.927
454.231
417.872
431.184
462.458
432.14
462.861
457.644
616.757
391.671
778.336
531.146
489.113
615.718
412.914
589.164
696.055
496.085
554.31
536.877
484.332
457.931
347.366
366.896
444.966
554.1
786.714
490.673
476.051
468.198
363.43
543.388
426.887
308.639
435.034
446.734
419.551
561.334
483.691
481.619
417.872
392.617
490.344
506.836
421.243
482.653
469.703
381.226
528.554
501.274
542.179
637.746
562.09
451.984
485.297
425.784
468.498
432.972
631.683
447.213
554.31
458.505
379.469
565.242
489.523
489.851
385.575
336.413
442.14
662.609
544.603
382.535
494.157
513.603
410.133
478.31
565.679
413.381
443.213
440.807
493.489
650.229
531.726
513.964
377.509
470.307
357.126
556.526
575.478
565.46
618.029
455.629
350.363
563.498
570.092
538.881
553.68
592.267
758.151
515.051
584.562
421.73
350.363
387.826
509.664
849.34
488.541
288.193
420.154
381.848
420.516
352.39
714.775
497.52
407.845
505.784
426.84
569.204
456.786
572.324
518.339
328.033
401.901
349.025
485.62
437.116
670.05
539.777
571.429
518.707
314.618
418.036
440.541
513.062
574.235
569.204
377.802
609.048
543.388
487.401
504.387
345.07
339.578
501.618
487.563
518.701
531.146
431.439
540.975
520.183
510.375
480.748
480.117
550.344
587.506
556.208
435.553
538.931
594.677
453.667
438.164
580.852
438.953
571.876
467.562
508.246
523.537
508.865
463.742
461.364
427.402
419.973
431.566
606.018
568.761
516.142
438.033
404.235
441.539
408.757
354.441
620.818
477.451
577.753
455.927
490.508
519.075
432.716
415.969
492.284
528.076
392.407
521.296
430.803
768.868
522.776
666.689
397.421
475.78
846.267
721.835
424.917
464.774
535.035
443.347
488.215
603.765
352.305
460.528
507.188
641.103
394.099
437.901
416.206
476.75
572.324
520.368
631.956
444.827
433.743
442.14
759.727
460.963
431.949
415.024
460.673
418.95
573.671
522.041
813.42
593.71
397.637
451.147
558.653
695.062
518.339
405.356
420.033
547.459
485.297
488.215
435.002
642.23
672.826
448.104
459.659
504.04
598.083
504.018
459.081
514.507
