798.632
646.104
735.986
714.364
753.642
744.248
790.192
631.742
686.709
648.908
703.414
680.17
706.146
713.61
648.978
717.718
720.865
691.438
623.454
692.875
634.078
657.323
617.328
597.382
677.368
726.935
695.909
608.64
785.503
757.962
695.747
617.281
699.947
807.143
854.597
657.242
769.086
613.823
685.317
690.225
765.61
769.567
687.89
690.344
677.827
731.722
668.947
710.115
575.055
756.231
623.843
649.68
837.363
640.859
625.339
678.306
758.214
752.697
703.703
722.384
758.214
737.365
597.414
742.429
598.427
661.681
690.781
689.907
749.734
641.039
725.617
682.327
724.904
730.475
685.024
738.363
682.297
640.491
717.976
865.503
841.709
731.99
694.921
561.645
692.805
659.572
783.306
777.017
724.56
685.709
718.987
632.858
591.174
749.781
669.265
634.724
681.987
795.931
717.246
744.502
699.293
785.023
891.814
607.016
638.744
632.091
670.602
801.031
727.464
743.481
733.915
807.228
680.672
719.224
628.812
793.877
682.724
694.213
637.159
664.024
683.775
663.07
699.927
766.024
673.906
648.452
756.159
714.513
780.301
656.828
691.896
694.318
605.737
708.544
653.608
628.812
810.828
612.195
673.027
753.335
795.601
757.843
668.612
706.188
648.943
627.251
716.861
719.569
605.859
739.928
692.315
753.028
668.389
727.773
741.374
636.618
736.793
706.063
623.584
746.702
645.305
705.295
645.365
661.134
665.793
675.29
649.188
652.613
647.193
661.964
746.47
590.302
691.647
679.448
725.518
631.775
550.976
681.716
727.563
716.133
723.206
630.596
712.773
699.702
689.155
827.832
740.95
754.994
702.262
774.658
682.608
659.771
676.127
691.415
697.273
709.151
743.475
859.417
712.728
792.998
645.296
620.4
642.274
595.073
713.897
729.587
666.384
719.202
655.165
659.717
669.265
631.526
611.54
647.953
708.293
656.648
754.329
738.852
651.652
698.908
643.747
730.742
671.582
645.591
689.57
685.219
664.208
681.406
677.884
664.834
668.23
797.008
567.253
750.954
720.217
679.65
699.723
724.128
768.655
734.848
632.256
730.164
726.319
623.195
769.938
787.418
660.37
746.795
664.981
624.948
759.699
699.091
744.865
685.954
766.446
716.688
688.443
699.697
625.387
618.92
905.953
568.8
627.989
733.758
656.936
765.078
793.084
609.707
693.556
643.135
759.605
618.346
768.458
691.198
722.599
675.614
705.451
758.226
686.062
635.657
677.98
676.927
787.237
647.053
691.378
808.792
769.197
706.79
762.756
689.155
641.587
700.376
643.531
687.339
639.502
648.978
666.903
690.264
658.522
714.237
733.969
742.199
660.216
668.854
767.844
819.801
604.546
783.894
725.836
683.931
722.817
791.989
716.732
612.539
761.908
702.879
692.126
622.928
645.791
765.42
819.178
739.98
653.768
800.871
645.73
726.605
796.565
684.946
666.495
692.645
804.819
724.806
736.2
701.082
660.607
631.276
726.484
701.236
677.903
706.645
688.913
719.936
643.066
858.809
771.621
711.416
654
685.807
615.334
615.019
725.721
693.325
628.944
671.418
799.058
605.095
723.56
720.519
746.563
700.53
658.125
607.761
646.347
632.258
710.494
672.914
701.072
795.982
760.364
736.89
761.534
669.022
659.499
689.194
590.701
790.673
734.904
614.539
662.19
710.578
789.282
680.209
633.225
714.088
650.068
777.042
706.541
641.45
815.012
674.285
633.325
742.819
700.657
643.635
733.422
714.638
697.081
716.855
730.787
640.697
720.941
647.123
720.649
761.099
746.47
677.616
658.92
634.732
601.004
755.35
645.659
638.04
661.753
734.224
760.846
855.45
691.896
670.592
681.464
684.223
656.684
680.826
651.462
725.156
643.41
651.126
622.637
678.038
713.801
675.357
764.859
724.839
628.598
659.535
727.045
674.28
743.831
617.186
729.798
684.633
677.712
660.734
705.358
833.582
822.949
741.752
683.035
707.875
739.843
654.964
745.589
686.709
725.321
783.907
658.649
724.74
761.651
698.928
723.408
768.788
674.095
703.435
662.832
780.022
664.006
655.089
698.486
699.142
520.708
650.632
705.731
793.293
680.826
745.264
658.089
725.682
664.153
741.098
612.133
644.949
738.75
696.009
650.42
752.874
688.364
703.167
660.225
787.21
625.665
720.692
720.681
792.776
576.352
678.728
672.622
786.951
610.505
629.142
674.887
761.63
