898.895
1450.11
1037.27
1217.97
1240.32
1210.03
917.298
826.294
1165.64
1040.74
874.223
943.042
685.286
1438.7
808.918
928.958
1075.58
1398.1
888.041
1326.42
1225.24
841.517
1009.47
1548.22
919.318
1005.31
1127.87
835.266
808.247
959.131
835.743
769.324
716.527
1298.44
1254.56
1030.28
763.696
1066.95
833.123
1063.84
998.439
1079.15
1619.63
897.446
950.4
927.484
1206.04
1177.85
1022.89
742.741
1018.62
1373.15
1124.83
1120.09
866.972
727.221
1048.58
1098.21
1061.91
666.841
991.581
1022.18
1330.95
1090.02
918.74
860.845
1035.21
712.293
924.259
1253.08
777.818
962.922
736.751
964.828
835.982
719.348
914.572
1123.29
793.548
948.55
1010.17
754.239
1406.34
1319.09
1022.89
1207.03
1303.94
774.624
1273.27
777.508
829.577
1017.91
1024.69
956.287
1172.13
805.797
1179.75
676.055
926.896
1088.4
816.372
935.797
1063.84
984.983
967.382
1305.1
999.805
875.541
792.633
1013.67
1068.51
1378.98
954.122
951.947
1097.38
1086.78
1008.43
926.309
1021.64
1104.01
880.286
1039.26
779.984
1118.8
864.92
953.811
910.159
1136.64
1010.87
1025.76
1080.75
1051.59
1020.75
784.813
1262.28
982.5
1492.97
1020.57
1205.66
737.123
1081.15
1051.22
857.688
723.532
804.466
993.013
1034.48
1090.43
1174.07
901.181
913.572
1363.54
1193.24
1174.07
1261.19
1019.33
1160.09
800.94
962.922
1269.68
1065.39
1212.04
1314.12
849.711
774.213
984.817
1077.17
797.879
971.562
986.978
1153.68
808.024
1199.11
1149.15
836.461
848.601
1206.04
1094.92
999.805
1285.59
968.665
871.105
1078.76
942.433
922.8
1014.55
620.422
1051.88
1150.96
840.791
1349.69
853.805
1046.14
894.939
1100.69
1295.85
784.182
935.788
863.898
900.071
778.958
1156.42
1189.35
1236.65
818.888
1102.35
1105.27
1284.46
868.002
925.713
1150.9
721.478
1056.92
1061.91
843.459
889.121
1376.38
843.703
943.651
807.354
1010.87
969.146
1074.78
802.258
1014.38
1049.33
1070.27
732.322
849.587
631.138
1114.11
1133.11
658.875
1244.01
1386.83
694.731
899.794
957.717
1122.64
1477.97
983.327
933.705
891.29
1020.75
1099.86
773.394
860.085
1175.96
1063.74
1219.87
844.922
997.758
1097.9
898.964
639.98
866.458
914.143
1286.65
960.391
783.761
931.029
929.544
1323.57
954.745
1115.39
898.825
939.707
866.972
627.884
1279.96
982.005
908.18
887.771
987.645
1127.54
1121.81
875.278
760.32
988.982
1074.79
821.188
867.744
827.698
1111.99
1206.78
900.625
955.369
1118.8
1381.26
671.667
899.517
1147.34
886.425
1496.03
858.066
948.511
1282.21
1190.32
977.082
1019.33
835.266
955.994
1069.29
920.403
1137.52
1020.75
1079.95
1341.02
1664.82
1365.45
1113.26
788.412
816.145
1025.05
1285.59
812.064
1087.59
800.611
1120.73
965.466
842.002
1128.3
906.771
1048.58
889.662
941.22
795.599
722.102
782.503
943.651
785.024
943.042
979.702
785.763
975.778
1053.87
1208.03
1020.75
1102.35
846.88
865.945
1036.68
971.239
819.347
811.163
1020.75
1213.54
1165.64
859.737
663.135
1020.04
716.527
969.95
697.051
1010.17
711.47
1136.64
914.715
849.834
811.613
914.715
1045.2
997.928
887.771
828.402
853.307
1156.42
1029.2
1074
697.383
1141.74
788.412
977.736
967.342
1270.78
907.897
877.907
782.503
978.39
956.62
800.391
686.856
1268.57
1048.58
1207.03
825.361
735.084
1150.96
797.444
1175.01
1238.74
770.947
968.023
944.871
1039.63
884.815
1037.41
801.983
1022.89
726.498
949.166
1070.07
685.286
828.637
1012.97
866.972
1079.93
1272.16
921.055
747.203
755.018
832.886
868.002
1038.15
1423.29
903.408
1221.66
1537.61
1059.21
963.556
936.359
826.762
1157.68
1003.24
761.905
1146.89
852.809
852.809
1056.92
936.697
1176.43
806.686
1030.74
908.391
1005.31
992.17
1101.41
1092.26
838.139
1020.39
784.182
1162.86
974.477
1016.49
1384.2
1222.17
1165.64
1166.46
1199.6
1255.77
869.034
1039.81
1173.13
1058.26
1186.94
772.577
1238.74
783.341
1200.83
864.92
1232.47
927.19
984.983
1186.46
878.039
1049.33
895.11
677.269
859.327
706.484
910.159
1172.89
1776.08
1236.12
1171.25
753.461
1141.74
1071.64
1101.52
1405.5
1081.95
1071.54
872.145
1168.44
964.828
835.743
1035.12
1039.63
1218.1
934.003
716.527
1006.26
1058.64
960.391
898.964
948.55
865.688
901.181
861.352
978.882
