789.805
601.252
753.729
591.951
759.625
808.484
860.482
634.97
660.204
630.04
708.174
742.073
771.556
675.822
708.174
765.567
697.222
736.313
681.11
736.313
736.313
702.677
670.575
639.938
742.073
736.313
795.983
724.926
615.478
686.439
675.822
713.715
660.204
634.97
702.677
777.592
686.439
730.597
724.926
691.809
730.597
771.556
649.992
655.078
724.926
713.715
681.11
708.174
742.073
655.078
783.675
765.567
713.715
702.677
719.298
753.729
853.804
681.11
686.439
665.369
730.597
708.174
795.983
765.567
675.822
660.204
759.625
634.97
719.298
691.809
713.715
719.298
691.809
765.567
691.809
708.174
620.294
644.946
736.313
777.592
724.926
765.567
649.992
713.715
670.575
821.182
719.298
719.298
742.073
644.946
681.11
655.078
759.625
665.369
736.313
675.822
587.355
670.575
691.809
753.729
730.597
765.567
587.355
783.675
605.957
719.298
610.699
660.204
681.11
708.174
660.204
771.556
697.222
681.11
649.992
670.575
814.809
665.369
708.174
724.926
649.992
742.073
665.369
719.298
730.597
660.204
697.222
713.715
686.439
675.822
686.439
605.957
736.313
615.478
686.439
686.439
681.11
783.675
665.369
724.926
697.222
708.174
771.556
719.298
691.809
670.575
736.313
783.675
697.222
660.204
708.174
795.983
736.313
655.078
873.996
681.11
753.729
702.677
655.078
730.597
697.222
730.597
730.597
730.597
753.729
783.675
625.148
724.926
675.822
686.439
644.946
702.677
777.592
747.878
697.222
644.946
736.313
753.729
821.182
644.946
681.11
708.174
702.677
670.575
724.926
697.222
634.97
765.567
634.97
655.078
719.298
724.926
670.575
713.715
742.073
736.313
605.957
730.597
691.809
702.677
665.369
840.603
771.556
713.715
660.204
582.794
736.313
691.809
765.567
708.174
681.11
691.809
681.11
670.575
777.592
702.677
708.174
630.04
691.809
747.878
675.822
730.597
771.556
660.204
708.174
681.11
625.148
753.729
730.597
697.222
708.174
753.729
596.584
639.938
691.809
697.222
681.11
681.11
708.174
686.439
670.575
660.204
610.699
742.073
686.439
708.174
639.938
660.204
713.715
867.213
759.625
625.148
802.209
681.11
591.951
665.369
686.439
702.677
691.809
708.174
697.222
789.805
620.294
747.878
719.298
630.04
644.946
660.204
713.715
660.204
665.369
615.478
702.677
675.822
681.11
736.313
625.148
719.298
620.294
660.204
742.073
670.575
827.605
808.484
713.715
795.983
802.209
724.926
587.355
719.298
724.926
630.04
697.222
660.204
675.822
724.926
730.597
742.073
655.078
802.209
686.439
649.992
719.298
655.078
713.715
747.878
821.182
670.575
814.809
702.677
719.298
675.822
702.677
697.222
747.878
675.822
777.592
686.439
644.946
759.625
591.951
625.148
724.926
634.97
759.625
620.294
742.073
660.204
675.822
719.298
681.11
697.222
719.298
620.294
814.809
724.926
665.369
814.809
730.597
708.174
655.078
719.298
789.805
724.926
724.926
708.174
777.592
742.073
783.675
736.313
708.174
578.268
719.298
814.809
644.946
702.677
708.174
605.957
802.209
697.222
747.878
665.369
821.182
625.148
630.04
655.078
655.078
747.878
702.677
795.983
639.938
660.204
742.073
691.809
630.04
783.675
802.209
655.078
660.204
753.729
596.584
655.078
747.878
753.729
610.699
644.946
649.992
730.597
713.715
582.794
670.575
708.174
777.592
660.204
719.298
691.809
639.938
634.97
670.575
665.369
783.675
625.148
753.729
660.204
753.729
742.073
697.222
665.369
795.983
681.11
660.204
747.878
719.298
713.715
742.073
655.078
573.778
702.677
702.677
601.252
691.809
681.11
625.148
610.699
681.11
630.04
777.592
620.294
724.926
730.597
789.805
742.073
777.592
747.878
771.556
753.729
681.11
686.439
686.439
625.148
655.078
634.97
783.675
655.078
730.597
789.805
747.878
691.809
753.729
649.992
753.729
691.809
691.809
665.369
630.04
634.97
596.584
675.822
655.078
675.822
771.556
596.584
615.478
730.597
670.575
814.809
675.822
660.204
771.556
660.204
708.174
681.11
610.699
724.926
615.478
681.11
681.11
649.992
639.938
702.677
639.938
665.369
724.926
639.938
708.174
686.439
660.204
670.575
686.439
630.04
675.822
675.822
686.439
649.992
691.809
649.992
724.926
795.983
665.369
840.603
