155.237
166.217
210.743
208.697
179.044
184.747
182.623
180.548
157.106
171.001
201.227
261.487
207.277
188.633
204.264
246.578
239.783
208.489
187.592
224.741
195.188
281.41
173.993
184.56
192.331
157.512
319.431
201.227
174.346
184.188
181.174
175.014
234.475
166.331
221.606
225.573
177.049
200.565
246.745
226.132
205.009
176.835
225.018
190.129
286.836
155.369
174.93
178.781
185.874
202.566
178.956
197.103
194.74
149.889
220.105
175.35
196.771
146.854
207.984
256.441
175.308
215.402
219.345
208.548
177.565
152.707
188.95
178.781
202.062
140.712
212.892
193.547
213.078
295.415
174.18
195.626
211.353
214.832
173.703
219.477
172.372
199.852
147.917
178.781
149.643
207.13
232.276
203.638
227.186
168.711
153.019
204.607
191.902
274.333
192.94
160.769
237.6
302.758
215.592
187.088
237.6
239.979
219.213
195.835
191.927
262.003
176.323
152.009
199.852
150.506
203.695
228.037
176.536
248.043
224.948
183.264
162.992
174.014
173.642
171.241
192.737
148.911
275.069
165.054
187.399
267.517
170.761
200.235
185.491
178.432
192.28
225.848
206.632
277.681
174.014
223.641
180.37
230.7
109.197
213.42
189.145
177.738
299.164
245.832
147.529
164.311
192.635
234.099
166.407
179.881
151.254
209.821
221.137
186.777
178.956
204.837
210.804
195.835
206.69
217
184.934
184.828
178.084
232.166
219.082
284.602
206.574
245.904
140.065
144.296
164.756
176.365
186.064
190.725
224.189
207.387
298.675
173.683
162.107
150.754
250.122
238.142
282.84
213.701
323.962
253.418
316.389
237.832
214.453
212.212
142.746
171.241
167.397
149.124
232.166
182.669
210.379
182.145
266.347
198.172
171.081
224.448
163.704
198.603
194.584
383.451
194.791
215.338
173.683
183.633
191.725
156.971
200.565
256.351
181.805
184.455
300.27
271.896
213.187
197.076
182.897
203.242
214.942
216.486
189.243
185.656
203.016
169.415
192.534
166.369
249.184
177.049
158.882
250.294
194.688
133.563
155.568
200.235
164.311
174.242
169.632
213.109
206.925
220.936
166.407
182.122
191.024
200.785
154.712
183.448
197.076
199.47
179.044
257.344
283.608
176.877
180.726
265.188
191.776
292.343
163.211
206.399
207.512
151.191
204.378
200.317
237.291
165.803
191.725
219.609
177.911
174.679
214.453
194.274
235.305
256.576
132.98
225.295
220.138
227.823
224.948
235.684
260.974
181.805
226.684
167.859
251.154
200.112
158.331
181.625
204.264
207.866
260.555
217.517
189.538
244.598
191.111
281.424
161.981
173.189
198.064
171.321
204.837
174.346
186.158
195.678
197.262
165.24
188.706
198.172
158.057
185.685
199.035
196.837
191.524
247.832
201.671
149.337
219.082
203.016
197.05
197.262
186.016
222.28
187.159
225.992
160.84
230.682
177.221
188.706
205.759
209.535
196.256
180.347
203.468
164.756
176.174
200.73
160.399
199.252
163.796
218.558
199.899
137.534
235.002
228.607
158.537
197.903
148.428
206.34
185.874
193.489
222.416
148.911
169.18
166.066
160.982
174.804
166.255
199.008
164.459
227.531
172.861
229.685
176.877
200.235
308.119
202.566
143.585
183.172
214.958
191.424
225.26
209.715
269.49
229.685
202.006
213.451
242.81
236.677
212.459
203.072
204.493
206.399
183.081
193.144
175.518
159.298
146.347
224.534
214.328
246.87
222.619
207.6
185.685
238.881
247.539
144.438
196.236
190.327
188.95
166.404
185.685
158.229
182.6
181.805
127.416
196.045
186.968
192.94
196.467
191.725
245.419
203.809
226.5
178.781
243.619
235.135
216.872
232.313
180.192
230.409
212.52
269.391
144.524
154.32
182.703
161.551
196.151
176.025
216.422
181.085
198.387
203.44
254.832
233.949
168.4
199.47
180.726
276.004
192.737
214.832
184.321
207.748
247.245
160.557
201.39
276.004
178.476
186.396
214.958
154.646
261.021
160.982
162.269
191.575
252.979
165.878
176.706
155.767
184.934
273.729
191.524
164.608
178.084
250.294
211.047
172.362
211.597
220.536
198.165
183.172
233.949
196.573
161.551
210.137
256.531
182.35
169.651
155.883
298.553
206.457
207.718
188.268
192.28
222.822
221.204
182.441
223.231
159.96
200.345
187.375
202.734
195.626
222.01
226.482
303.26
149.033
222.805
169.967
