702.677
730.597
697.222
719.298
765.567
730.597
736.313
560.514
713.715
670.575
655.078
724.926
697.222
747.878
639.938
724.926
649.992
655.078
630.04
691.809
802.209
655.078
702.677
675.822
691.809
649.992
742.073
634.97
753.729
560.514
639.938
821.182
644.946
660.204
665.369
620.294
686.439
681.11
610.699
675.822
691.809
655.078
560.514
702.677
660.204
660.204
620.294
615.478
765.567
742.073
702.677
724.926
708.174
697.222
697.222
634.97
625.148
777.592
730.597
713.715
639.938
634.97
655.078
719.298
702.677
610.699
691.809
675.822
736.313
753.729
724.926
834.079
747.878
639.938
724.926
697.222
753.729
771.556
702.677
625.148
789.805
615.478
686.439
681.11
644.946
634.97
670.575
630.04
724.926
730.597
771.556
601.252
747.878
670.575
578.268
639.938
713.715
660.204
655.078
713.715
655.078
759.625
702.677
724.926
771.556
730.597
847.178
719.298
615.478
634.97
702.677
713.715
765.567
742.073
681.11
665.369
747.878
777.592
644.946
771.556
620.294
670.575
802.209
665.369
802.209
596.584
742.073
736.313
789.805
564.901
691.809
630.04
644.946
697.222
644.946
686.439
649.992
639.938
719.298
551.842
808.484
681.11
655.078
610.699
697.222
582.794
702.677
808.484
670.575
724.926
753.729
873.996
655.078
625.148
713.715
670.575
808.484
691.809
708.174
686.439
591.951
759.625
681.11
605.957
724.926
777.592
665.369
759.625
742.073
634.97
702.677
747.878
808.484
759.625
724.926
747.878
753.729
742.073
634.97
681.11
665.369
697.222
644.946
708.174
691.809
742.073
736.313
615.478
847.178
697.222
747.878
747.878
697.222
742.073
724.926
573.778
719.298
719.298
765.567
777.592
708.174
814.809
719.298
736.313
665.369
675.822
675.822
765.567
795.983
808.484
620.294
753.729
697.222
649.992
730.597
827.605
644.946
681.11
681.11
759.625
742.073
759.625
901.661
736.313
789.805
686.439
660.204
736.313
691.809
625.148
742.073
724.926
625.148
753.729
630.04
601.252
564.901
814.809
675.822
639.938
681.11
686.439
649.992
675.822
625.148
730.597
644.946
634.97
795.983
686.439
675.822
634.97
670.575
670.575
655.078
620.294
649.992
686.439
691.809
719.298
644.946
736.313
783.675
649.992
860.482
713.715
771.556
630.04
736.313
708.174
630.04
702.677
742.073
771.556
665.369
578.268
686.439
670.575
771.556
630.04
649.992
802.209
765.567
789.805
665.369
702.677
795.983
765.567
713.715
708.174
697.222
670.575
736.313
736.313
736.313
615.478
708.174
847.178
753.729
708.174
665.369
634.97
675.822
665.369
610.699
655.078
713.715
827.605
765.567
610.699
670.575
765.567
681.11
834.079
665.369
759.625
615.478
742.073
742.073
644.946
747.878
675.822
783.675
783.675
686.439
681.11
655.078
724.926
777.592
660.204
681.11
634.97
691.809
759.625
702.677
724.926
625.148
708.174
634.97
783.675
708.174
708.174
808.484
655.078
753.729
691.809
644.946
783.675
747.878
702.677
814.809
681.11
675.822
708.174
713.715
639.938
639.938
783.675
730.597
708.174
665.369
634.97
789.805
498.648
742.073
644.946
620.294
736.313
736.313
765.567
724.926
708.174
713.715
736.313
578.268
702.677
556.161
697.222
655.078
697.222
660.204
708.174
777.592
675.822
759.625
697.222
691.809
814.809
719.298
681.11
675.822
625.148
697.222
615.478
686.439
691.809
736.313
713.715
814.809
724.926
724.926
655.078
834.079
719.298
691.809
724.926
660.204
777.592
730.597
742.073
759.625
736.313
702.677
665.369
789.805
753.729
681.11
697.222
681.11
783.675
783.675
675.822
697.222
736.313
675.822
708.174
702.677
649.992
686.439
660.204
686.439
691.809
665.369
697.222
759.625
713.715
644.946
660.204
724.926
681.11
697.222
665.369
670.575
634.97
719.298
736.313
681.11
747.878
808.484
649.992
686.439
686.439
759.625
697.222
670.575
719.298
675.822
702.677
802.209
655.078
655.078
736.313
686.439
660.204
655.078
670.575
691.809
821.182
759.625
665.369
649.992
795.983
795.983
655.078
765.567
582.794
765.567
686.439
702.677
759.625
675.822
670.575
808.484
702.677
670.575
724.926
724.926
747.878
644.946
655.078
675.822
702.677
634.97
730.597
625.148
747.878
847.178
742.073
713.715
691.809
