675.822
697.222
564.901
675.822
747.878
827.605
610.699
564.901
719.298
777.592
686.439
747.878
747.878
783.675
713.715
681.11
681.11
702.677
639.938
789.805
625.148
708.174
840.603
644.946
742.073
730.597
753.729
736.313
789.805
765.567
691.809
625.148
742.073
665.369
736.313
670.575
675.822
660.204
708.174
808.484
708.174
670.575
605.957
719.298
649.992
771.556
625.148
708.174
665.369
795.983
747.878
821.182
708.174
681.11
765.567
630.04
630.04
655.078
675.822
670.575
681.11
675.822
686.439
639.938
724.926
670.575
670.575
634.97
615.478
569.322
639.938
670.575
747.878
724.926
713.715
691.809
777.592
691.809
713.715
759.625
713.715
771.556
639.938
795.983
644.946
821.182
730.597
691.809
625.148
771.556
675.822
708.174
691.809
670.575
702.677
713.715
789.805
644.946
681.11
670.575
777.592
708.174
670.575
742.073
777.592
814.809
713.715
808.484
708.174
670.575
719.298
665.369
675.822
742.073
736.313
736.313
615.478
702.677
675.822
765.567
665.369
783.675
660.204
821.182
660.204
634.97
691.809
681.11
702.677
730.597
686.439
771.556
789.805
681.11
702.677
702.677
719.298
747.878
655.078
644.946
665.369
655.078
675.822
665.369
675.822
724.926
644.946
808.484
564.901
759.625
713.715
742.073
675.822
634.97
702.677
702.677
702.677
708.174
639.938
649.992
649.992
630.04
675.822
691.809
730.597
702.677
644.946
834.079
724.926
759.625
630.04
702.677
681.11
736.313
783.675
742.073
719.298
777.592
713.715
655.078
771.556
675.822
736.313
649.992
560.514
719.298
649.992
691.809
596.584
691.809
582.794
702.677
691.809
591.951
697.222
691.809
649.992
702.677
827.605
753.729
665.369
736.313
686.439
620.294
708.174
719.298
783.675
665.369
713.715
708.174
736.313
660.204
634.97
649.992
708.174
708.174
649.992
777.592
569.322
747.878
665.369
697.222
730.597
719.298
665.369
802.209
724.926
601.252
867.213
596.584
771.556
730.597
625.148
665.369
660.204
719.298
765.567
771.556
702.677
681.11
691.809
681.11
724.926
777.592
765.567
847.178
730.597
697.222
795.983
630.04
719.298
686.439
789.805
564.901
702.677
655.078
630.04
655.078
753.729
719.298
639.938
634.97
655.078
747.878
634.97
724.926
719.298
660.204
625.148
802.209
660.204
681.11
605.957
765.567
660.204
697.222
660.204
708.174
675.822
747.878
691.809
697.222
742.073
708.174
660.204
655.078
708.174
697.222
742.073
634.97
634.97
670.575
649.992
681.11
655.078
686.439
708.174
747.878
765.567
691.809
802.209
675.822
708.174
681.11
691.809
649.992
802.209
670.575
719.298
719.298
713.715
615.478
686.439
630.04
615.478
639.938
713.715
697.222
719.298
644.946
655.078
686.439
649.992
665.369
591.951
675.822
713.715
665.369
742.073
665.369
795.983
795.983
753.729
702.677
634.97
681.11
697.222
605.957
670.575
765.567
747.878
730.597
649.992
655.078
630.04
691.809
730.597
742.073
697.222
665.369
582.794
742.073
708.174
697.222
681.11
777.592
649.992
724.926
660.204
587.355
681.11
644.946
771.556
802.209
655.078
591.951
665.369
702.677
670.575
783.675
655.078
630.04
713.715
765.567
686.439
708.174
759.625
681.11
719.298
742.073
620.294
655.078
655.078
605.957
719.298
601.252
747.878
625.148
713.715
827.605
742.073
601.252
719.298
771.556
747.878
742.073
827.605
675.822
724.926
634.97
686.439
639.938
730.597
681.11
708.174
670.575
644.946
675.822
681.11
789.805
747.878
665.369
649.992
713.715
747.878
808.484
730.597
625.148
730.597
736.313
747.878
713.715
691.809
691.809
724.926
730.597
620.294
873.996
625.148
719.298
675.822
681.11
605.957
697.222
630.04
753.729
697.222
639.938
569.322
702.677
742.073
730.597
736.313
670.575
639.938
759.625
736.313
615.478
639.938
867.213
771.556
708.174
675.822
771.556
639.938
634.97
587.355
713.715
759.625
713.715
759.625
753.729
736.313
610.699
670.575
713.715
702.677
686.439
625.148
736.313
691.809
759.625
719.298
522.532
724.926
670.575
821.182
670.575
702.677
777.592
610.699
719.298
847.178
665.369
724.926
747.878
724.926
601.252
771.556
719.298
708.174
724.926
691.809
708.174
625.148
644.946
655.078
759.625
736.313
630.04
