680.184
725.057
665.323
825.594
777.508
803.14
612.044
630.05
770.947
753.461
673.601
761.112
663.21
703.339
602.769
719.259
680.5
782.503
656.066
714.077
745.773
995.719
752.879
646.777
734.53
699.385
826.294
641.384
984.32
855.304
814.326
726.138
949.166
698.717
660.811
842.244
808.471
862.878
883.745
940.312
597.823
1010.87
653.573
614.682
798.751
683.364
650.772
605.014
706.825
586.563
955.369
814.78
721.478
746.154
1071.64
604.983
1009.12
804.909
574.799
790.116
895.316
970.594
619.568
638.025
595.161
799.516
697.3
846.88
612.622
627.345
786.714
746.535
587.742
549.465
528.834
778.336
830.992
834.312
631.956
810.263
874.755
518.155
755.799
785.868
826.528
781.666
708.539
515.414
520.368
648.498
1027.21
694.897
689.407
828.637
634.838
783.236
886.425
828.637
708.882
696.552
638.861
488.868
891.018
699.124
751.911
1063.07
810.656
783.341
670.358
785.868
873.171
848.724
842.973
704.781
862.369
574.573
835.027
676.642
602.024
551.799
738.24
614.166
968.023
781.235
619.371
778.336
813.816
719.591
704.102
628.965
668.977
862.114
604.014
781.248
893.401
627.345
650.953
649.362
669.283
1059.21
824.896
590.831
580.276
902.85
576.386
569.98
830.962
569.425
687.866
596.132
885.351
602.024
1133.99
721.389
631.274
688.838
504.387
1072.42
736.01
634.7
733.057
785.551
715.059
665.02
915.861
758.938
700.055
704.102
808.247
567.656
1109.88
825.828
551.591
610.925
1092.46
606.018
634.425
951.637
808.471
811.613
821.188
729.035
603.018
766.902
644.495
741.987
870.004
669.59
599.033
536.803
957.56
595.646
541.326
859.769
753.364
668.977
787.35
731.589
925.136
912.431
815.234
783.656
663.21
611.788
682.965
597.838
709.57
551.071
761.31
693.413
899.794
640.19
1095.74
674.845
632.777
885.888
726.498
534.253
823.501
822.806
866.972
627.615
716.527
708.539
959.131
660.811
598.083
969.227
680.975
602.024
865.176
807.354
744.254
720.767
727.221
707.852
983.657
804.909
729.399
773.804
777.301
897.721
801.269
707.852
837.779
483.371
735.824
602.521
444.561
607.529
616.367
741.799
929.844
768.919
929.844
661.409
860.845
917.586
666.917
654.302
790.971
544.603
837.179
750.367
568.318
888.041
726.138
768.717
793.548
811.838
650.084
942.244
760.122
677.347
722.191
759.727
775.446
750.752
821.419
707.51
635.494
617.278
849.834
879.492
751.524
1056.15
878.434
582.125
793.117
602.769
914.286
649.002
865.432
714.426
684.323
676.055
877.841
800.282
787.456
520.554
655.478
1052.35
554.836
662.009
919.896
521.296
748.829
551.486
816.145
649.038
642.194
799.407
868.002
575.478
604.498
926.015
783.972
848.847
514.507
647.636
700.894
1164.71
544.749
709.226
779.945
838.861
818.429
877.38
595.517
629.236
592.492
589.327
731.589
994.692
704.696
732.873
708.533
1141.96
1058.83
735.084
631.138
698.633
644.495
1004.62
757.365
767.657
611.085
621.213
584.219
656.655
623.059
657.838
861.86
684.313
793.117
822.112
660.811
648.067
861.352
863.898
599.555
582.821
542.783
624.665
540.126
612.622
1049.71
567.436
643.219
1010.17
734.53
797.879
716.527
729.945
970.594
629.778
648.498
1012.97
818.315
880.551
723.174
722.169
713.728
873.187
1100.27
575.705
842.73
612.1
971.229
595.889
833.361
817.514
834.789
959.76
632.777
524.288
827.698
878.434
900.071
711.643
778.958
692.428
779.14
716.524
711.297
613.134
878.368
596.984
946.707
772.781
935.797
591.309
876.854
931.029
628.965
775.831
621.444
803.14
815.462
768.515
543.578
550.344
754.336
761.211
524.664
817.971
858.822
746.511
659.619
504.387
678.605
642.795
834.312
1028.65
622.934
688.068
674.69
692.756
554.941
751.138
919.318
975.127
495.833
626.539
637.746
744.254
610.065
681.135
665.002
558.76
689.488
430.613
679.226
616.237
708.882
1015.61
861.86
802.258
633.325
963.874
626.673
721.3
565.679
938.802
624.331
895.659
671.705
644.495
836.221
988.982
666.841
842.002
679.236
688.676
847.371
849.526
830.992
955.682
732.322
812.967
795.275
917.011
697.051
646.777
739.641
582.821
685.125
679.157
644.495
878.43
722.191
890.204
843.945
922.509
661.859
575.592
582.763
751.524
724.249
745.393
