784.239
612.89
2101.08
943.465
760.444
834.084
914.845
1170.48
784.239
860.18
760.444
972.979
1544.29
1067.17
784.239
1134.98
1408.02
760.444
1100.55
1100.55
943.465
1034.8
1003.42
1207.08
914.845
737.37
1497.46
1408.02
943.465
972.979
943.465
1323.92
808.778
1915.71
943.465
1003.42
612.89
1207.08
693.298
914.845
632.074
436.609
887.092
1365.32
576.248
887.092
612.89
887.092
834.084
1323.92
1134.98
887.092
1034.8
714.995
887.092
1134.98
808.778
943.465
914.845
1283.77
737.37
760.444
693.298
887.092
1034.8
760.444
1003.42
1034.8
860.18
1283.77
972.979
651.857
1170.48
1003.42
1034.8
860.18
784.239
1207.08
612.89
1497.46
1857.63
860.18
943.465
1642.38
1801.31
1323.92
1592.58
1134.98
1283.77
760.444
1244.84
737.37
1544.29
887.092
1408.02
972.979
887.092
887.092
1034.8
1170.48
1452.05
737.37
651.857
612.89
651.857
714.995
808.778
1034.8
1283.77
834.084
887.092
1544.29
1100.55
1544.29
1003.42
808.778
612.89
1003.42
1003.42
1034.8
1207.08
1034.8
808.778
450.285
887.092
1034.8
760.444
860.18
1207.08
834.084
1207.08
1067.17
808.778
943.465
808.778
714.995
914.845
1283.77
943.465
887.092
1801.31
1034.8
558.756
760.444
1067.17
943.465
887.092
1067.17
1100.55
612.89
1207.08
576.248
1003.42
1134.98
1408.02
808.778
541.793
693.298
1544.29
1100.55
760.444
784.239
943.465
808.778
808.778
1408.02
972.979
1170.48
509.395
1244.84
1207.08
943.465
672.259
693.298
834.084
860.18
860.18
693.298
1323.92
1134.98
1100.55
1034.8
1067.17
1003.42
887.092
972.979
1067.17
558.756
1642.38
672.259
1067.17
1544.29
632.074
860.18
808.778
2037.38
784.239
1323.92
834.084
784.239
972.979
1244.84
1244.84
808.778
1034.8
1100.55
887.092
693.298
1170.48
808.778
1100.55
784.239
943.465
737.37
672.259
714.995
1244.84
1003.42
714.995
834.084
1323.92
1034.8
972.979
1207.08
612.89
714.995
1244.84
1323.92
760.444
576.248
834.084
1067.17
972.979
478.931
784.239
860.18
943.465
1244.84
1207.08
1452.05
972.979
1034.8
1170.48
1283.77
693.298
760.444
943.465
1452.05
943.465
914.845
887.092
594.287
1170.48
1693.73
808.778
737.37
784.239
887.092
760.444
693.298
1365.32
1244.84
1323.92
1034.8
887.092
943.465
1244.84
1283.77
760.444
972.979
1283.77
1592.58
972.979
887.092
914.845
760.444
760.444
1207.08
834.084
714.995
1207.08
1170.48
1003.42
1408.02
834.084
1003.42
1003.42
1323.92
1134.98
1170.48
1283.77
1408.02
1544.29
737.37
1497.46
834.084
1408.02
651.857
1408.02
1544.29
972.979
943.465
1244.84
760.444
1207.08
1244.84
943.465
1003.42
1100.55
1134.98
1592.58
1067.17
834.084
1003.42
860.18
887.092
1207.08
594.287
651.857
887.092
594.287
1207.08
784.239
808.778
784.239
1408.02
887.092
972.979
651.857
808.778
834.084
714.995
1408.02
594.287
1134.98
737.37
834.084
914.845
784.239
1003.42
1452.05
808.778
972.979
1170.48
887.092
612.89
594.287
1134.98
1134.98
612.89
808.778
1170.48
1100.55
1034.8
834.084
1207.08
1693.73
834.084
2037.38
1452.05
834.084
1408.02
808.778
1170.48
972.979
834.084
1134.98
1746.69
714.995
1323.92
1207.08
737.37
1323.92
760.444
1592.58
1134.98
693.298
1693.73
1100.55
834.084
632.074
1067.17
1003.42
576.248
1034.8
1134.98
1170.48
1034.8
1365.32
737.37
737.37
1034.8
1452.05
834.084
972.979
632.074
1497.46
714.995
760.444
1365.32
1134.98
714.995
1067.17
1207.08
1034.8
1244.84
860.18
1497.46
808.778
672.259
1170.48
1452.05
860.18
714.995
651.857
612.89
943.465
1034.8
1283.77
1801.31
1592.58
612.89
914.845
1365.32
972.979
1067.17
1134.98
1067.17
1283.77
887.092
760.444
784.239
1067.17
558.756
1067.17
808.778
632.074
972.979
1134.98
784.239
737.37
808.778
1207.08
693.298
1003.42
1323.92
714.995
887.092
1067.17
436.609
1134.98
860.18
1100.55
1034.8
594.287
860.18
887.092
737.37
1283.77
1170.48
693.298
1034.8
760.444
1207.08
860.18
860.18
914.845
834.084
1100.55
632.074
672.259
1003.42
860.18
1003.42
1067.17
834.084
784.239
672.259
834.084
632.074
1034.8
834.084
834.084
1592.58
808.778
541.793
834.084
1592.58
808.778
1134.98
737.37
972.979
887.092
834.084
972.979
1323.92
693.298
509.395
887.092
760.444
