681.11
649.992
675.822
702.677
736.313
730.597
697.222
730.597
783.675
742.073
697.222
649.992
686.439
719.298
867.213
708.174
795.983
686.439
777.592
765.567
686.439
765.567
783.675
771.556
777.592
777.592
660.204
789.805
777.592
670.575
730.597
708.174
670.575
649.992
765.567
814.809
615.478
615.478
719.298
681.11
578.268
702.677
789.805
697.222
747.878
697.222
730.597
655.078
702.677
777.592
639.938
814.809
759.625
691.809
771.556
724.926
771.556
759.625
655.078
649.992
660.204
610.699
713.715
759.625
686.439
605.957
702.677
691.809
655.078
808.484
605.957
591.951
730.597
742.073
736.313
808.484
675.822
691.809
736.313
644.946
713.715
708.174
578.268
634.97
634.97
665.369
736.313
747.878
827.605
639.938
697.222
681.11
605.957
724.926
765.567
691.809
771.556
702.677
765.567
736.313
736.313
655.078
670.575
675.822
697.222
713.715
655.078
665.369
713.715
702.677
681.11
660.204
730.597
827.605
724.926
771.556
742.073
736.313
783.675
742.073
625.148
625.148
625.148
783.675
708.174
753.729
880.832
686.439
660.204
670.575
655.078
719.298
620.294
691.809
639.938
675.822
730.597
747.878
681.11
821.182
795.983
697.222
719.298
736.313
596.584
789.805
702.677
660.204
660.204
615.478
634.97
655.078
697.222
670.575
670.575
675.822
719.298
660.204
681.11
655.078
777.592
681.11
708.174
814.809
605.957
644.946
630.04
681.11
615.478
630.04
808.484
686.439
697.222
697.222
894.664
665.369
713.715
747.878
691.809
649.992
639.938
713.715
747.878
634.97
713.715
713.715
702.677
644.946
730.597
736.313
702.677
615.478
702.677
634.97
681.11
747.878
665.369
736.313
708.174
681.11
573.778
655.078
742.073
719.298
630.04
681.11
719.298
670.575
634.97
853.804
686.439
649.992
702.677
681.11
601.252
620.294
697.222
719.298
649.992
634.97
697.222
747.878
655.078
639.938
691.809
526.622
530.744
665.369
736.313
615.478
894.664
814.809
686.439
675.822
665.369
708.174
730.597
670.575
665.369
783.675
777.592
759.625
630.04
873.996
708.174
789.805
747.878
660.204
771.556
765.567
802.209
719.298
644.946
697.222
670.575
708.174
713.715
630.04
655.078
665.369
681.11
724.926
795.983
691.809
719.298
639.938
665.369
649.992
686.439
670.575
686.439
724.926
686.439
753.729
747.878
665.369
730.597
670.575
915.821
708.174
713.715
753.729
665.369
655.078
753.729
736.313
724.926
765.567
649.992
814.809
708.174
630.04
670.575
675.822
596.584
691.809
747.878
719.298
713.715
753.729
655.078
783.675
675.822
719.298
634.97
649.992
847.178
660.204
736.313
771.556
686.439
691.809
697.222
742.073
719.298
747.878
742.073
670.575
665.369
808.484
691.809
783.675
821.182
686.439
681.11
634.97
702.677
783.675
573.778
771.556
697.222
691.809
724.926
634.97
702.677
802.209
670.575
634.97
670.575
681.11
724.926
777.592
610.699
697.222
691.809
681.11
686.439
730.597
713.715
747.878
742.073
736.313
777.592
670.575
655.078
634.97
625.148
639.938
802.209
747.878
610.699
625.148
765.567
596.584
814.809
759.625
644.946
596.584
649.992
644.946
736.313
724.926
660.204
610.699
771.556
708.174
742.073
724.926
753.729
730.597
670.575
747.878
665.369
802.209
649.992
634.97
665.369
753.729
665.369
639.938
730.597
702.677
730.597
753.729
730.597
795.983
759.625
686.439
601.252
759.625
691.809
747.878
736.313
644.946
759.625
697.222
765.567
634.97
686.439
665.369
708.174
625.148
681.11
708.174
783.675
591.951
665.369
681.11
625.148
783.675
675.822
639.938
783.675
759.625
670.575
713.715
644.946
644.946
771.556
759.625
730.597
655.078
665.369
771.556
691.809
686.439
610.699
702.677
630.04
736.313
730.597
655.078
708.174
675.822
713.715
655.078
625.148
681.11
615.478
853.804
644.946
736.313
675.822
691.809
783.675
681.11
724.926
713.715
713.715
649.992
777.592
660.204
708.174
719.298
702.677
702.677
759.625
649.992
670.575
670.575
730.597
639.938
649.992
644.946
655.078
702.677
630.04
742.073
777.592
665.369
639.938
730.597
736.313
708.174
625.148
655.078
639.938
634.97
702.677
736.313
639.938
702.677
747.878
719.298
702.677
644.946
655.078
601.252
702.677
681.11
