398.02
509.395
509.395
374.204
493.929
464.387
509.395
274.821
450.285
385.929
693.298
632.074
464.387
362.834
612.89
398.02
541.793
436.609
385.929
576.248
541.793
478.931
330.75
493.929
410.49
464.387
423.349
714.995
398.02
594.287
594.287
558.756
594.287
374.204
464.387
541.793
436.609
478.931
693.298
478.931
374.204
525.345
525.345
464.387
784.239
423.349
525.345
450.285
330.75
423.349
478.931
509.395
509.395
576.248
410.49
493.929
436.609
436.609
436.609
385.929
541.793
351.808
541.793
436.609
808.778
410.49
341.117
493.929
651.857
612.89
478.931
478.931
478.931
464.387
464.387
362.834
693.298
436.609
385.929
423.349
464.387
464.387
341.117
760.444
493.929
576.248
594.287
398.02
943.465
612.89
509.395
525.345
362.834
737.37
436.609
493.929
341.117
509.395
493.929
478.931
436.609
558.756
410.49
493.929
525.345
450.285
594.287
576.248
525.345
509.395
478.931
576.248
693.298
385.929
266.463
576.248
576.248
594.287
464.387
423.349
283.44
283.44
509.395
576.248
509.395
651.857
423.349
341.117
632.074
541.793
612.89
612.89
330.75
493.929
385.929
410.49
509.395
651.857
436.609
374.204
283.44
558.756
410.49
385.929
423.349
464.387
385.929
374.204
351.808
493.929
374.204
493.929
362.834
541.793
612.89
541.793
351.808
737.37
651.857
374.204
385.929
509.395
672.259
330.75
410.49
464.387
714.995
632.074
258.358
576.248
594.287
398.02
436.609
860.18
541.793
576.248
385.929
576.248
374.204
385.929
464.387
576.248
330.75
493.929
301.496
651.857
464.387
594.287
436.609
714.995
310.949
478.931
612.89
374.204
450.285
493.929
478.931
612.89
450.285
450.285
398.02
351.808
450.285
436.609
436.609
509.395
464.387
410.49
385.929
374.204
464.387
436.609
525.345
478.931
525.345
385.929
450.285
330.75
341.117
374.204
576.248
436.609
351.808
541.793
632.074
478.931
450.285
292.329
398.02
558.756
478.931
541.793
493.929
594.287
398.02
464.387
385.929
509.395
714.995
693.298
478.931
385.929
541.793
374.204
525.345
450.285
558.756
784.239
330.75
310.949
509.395
525.345
362.834
478.931
558.756
301.496
436.609
632.074
385.929
385.929
525.345
464.387
423.349
436.609
374.204
398.02
478.931
436.609
351.808
576.248
558.756
398.02
464.387
385.929
784.239
436.609
525.345
362.834
493.929
450.285
385.929
576.248
525.345
737.37
310.949
632.074
558.756
576.248
478.931
493.929
612.89
478.931
374.204
450.285
594.287
398.02
330.75
493.929
594.287
478.931
737.37
672.259
398.02
450.285
558.756
423.349
436.609
436.609
509.395
464.387
450.285
541.793
398.02
478.931
612.89
351.808
541.793
464.387
464.387
612.89
423.349
509.395
594.287
320.697
301.496
450.285
464.387
541.793
374.204
398.02
509.395
784.239
737.37
594.287
509.395
362.834
509.395
450.285
478.931
493.929
714.995
651.857
576.248
594.287
509.395
341.117
478.931
541.793
423.349
410.49
351.808
436.609
493.929
478.931
330.75
525.345
737.37
423.349
784.239
576.248
714.995
632.074
398.02
450.285
385.929
258.358
493.929
651.857
341.117
509.395
450.285
558.756
594.287
493.929
693.298
398.02
385.929
493.929
632.074
541.793
509.395
330.75
612.89
478.931
632.074
398.02
612.89
509.395
493.929
464.387
436.609
341.117
576.248
464.387
478.931
558.756
541.793
576.248
478.931
410.49
509.395
594.287
436.609
672.259
541.793
478.931
374.204
450.285
558.756
478.931
558.756
576.248
464.387
594.287
576.248
760.444
362.834
760.444
436.609
478.931
493.929
436.609
385.929
410.49
612.89
320.697
651.857
525.345
594.287
576.248
525.345
493.929
464.387
576.248
410.49
576.248
374.204
450.285
541.793
525.345
385.929
436.609
509.395
398.02
612.89
436.609
410.49
737.37
594.287
436.609
330.75
541.793
410.49
374.204
594.287
351.808
374.204
493.929
398.02
672.259
672.259
693.298
558.756
436.609
423.349
493.929
693.298
541.793
576.248
632.074
525.345
320.697
410.49
525.345
464.387
464.387
478.931
509.395
558.756
737.37
398.02
612.89
558.756
351.808
341.117
478.931
464.387
436.609
385.929
266.463
834.084
351.808
714.995
541.793
398.02
693.298
464.387
693.298
385.929
450.285
