594.287
943.465
784.239
972.979
737.37
860.18
576.248
914.845
972.979
834.084
737.37
760.444
651.857
1207.08
887.092
972.979
576.248
1134.98
1134.98
737.37
558.756
594.287
632.074
834.084
943.465
632.074
737.37
541.793
493.929
808.778
651.857
672.259
714.995
509.395
834.084
1034.8
651.857
834.084
714.995
693.298
784.239
632.074
464.387
943.465
784.239
672.259
914.845
672.259
612.89
632.074
860.18
714.995
808.778
651.857
737.37
493.929
493.929
558.756
651.857
693.298
672.259
1134.98
737.37
558.756
808.778
914.845
943.465
760.444
914.845
594.287
834.084
693.298
1170.48
784.239
1034.8
632.074
693.298
972.979
808.778
672.259
436.609
737.37
760.444
509.395
808.778
450.285
714.995
1003.42
450.285
1003.42
672.259
914.845
525.345
1067.17
1100.55
914.845
594.287
612.89
860.18
834.084
509.395
612.89
972.979
760.444
558.756
914.845
737.37
1134.98
576.248
808.778
784.239
714.995
1034.8
887.092
612.89
576.248
714.995
1067.17
860.18
760.444
651.857
1244.84
398.02
493.929
612.89
450.285
509.395
760.444
558.756
576.248
784.239
887.092
784.239
714.995
651.857
834.084
887.092
1003.42
808.778
714.995
1134.98
760.444
651.857
737.37
914.845
464.387
594.287
672.259
576.248
714.995
760.444
509.395
632.074
784.239
651.857
834.084
493.929
464.387
834.084
860.18
860.18
860.18
672.259
887.092
651.857
714.995
651.857
714.995
525.345
760.444
478.931
1323.92
493.929
808.778
632.074
651.857
887.092
784.239
1100.55
576.248
714.995
651.857
1003.42
651.857
784.239
612.89
1207.08
651.857
632.074
693.298
808.778
1034.8
760.444
558.756
784.239
808.778
693.298
672.259
509.395
362.834
784.239
860.18
576.248
594.287
693.298
651.857
860.18
737.37
808.778
651.857
558.756
541.793
1067.17
651.857
1067.17
834.084
672.259
834.084
834.084
612.89
760.444
672.259
612.89
594.287
860.18
558.756
651.857
784.239
612.89
436.609
760.444
558.756
594.287
887.092
1003.42
714.995
1034.8
651.857
693.298
464.387
914.845
576.248
714.995
693.298
943.465
632.074
672.259
558.756
1067.17
834.084
594.287
737.37
594.287
1207.08
943.465
1170.48
541.793
1134.98
1134.98
1034.8
525.345
594.287
576.248
594.287
1003.42
784.239
612.89
632.074
693.298
737.37
651.857
860.18
1915.71
914.845
760.444
860.18
784.239
374.204
612.89
1067.17
525.345
1034.8
784.239
1170.48
714.995
834.084
576.248
714.995
972.979
594.287
651.857
860.18
887.092
541.793
693.298
887.092
943.465
808.778
509.395
632.074
714.995
887.092
784.239
808.778
943.465
834.084
760.444
914.845
808.778
632.074
632.074
1034.8
860.18
672.259
808.778
714.995
651.857
594.287
834.084
887.092
887.092
834.084
1003.42
737.37
612.89
714.995
509.395
693.298
737.37
576.248
943.465
1034.8
834.084
1100.55
808.778
737.37
914.845
834.084
632.074
1365.32
760.444
651.857
887.092
612.89
834.084
887.092
784.239
576.248
464.387
760.444
576.248
612.89
509.395
860.18
594.287
972.979
714.995
651.857
1100.55
834.084
834.084
672.259
450.285
525.345
760.444
834.084
784.239
651.857
632.074
943.465
760.444
351.808
450.285
808.778
714.995
714.995
887.092
760.444
943.465
612.89
760.444
693.298
914.845
693.298
423.349
672.259
714.995
760.444
612.89
714.995
651.857
612.89
436.609
464.387
943.465
612.89
914.845
672.259
576.248
672.259
808.778
672.259
760.444
737.37
887.092
714.995
672.259
1170.48
972.979
410.49
672.259
436.609
1283.77
558.756
737.37
693.298
972.979
632.074
808.778
450.285
737.37
651.857
651.857
1067.17
509.395
972.979
612.89
558.756
1100.55
784.239
943.465
714.995
651.857
972.979
509.395
1034.8
612.89
972.979
651.857
1034.8
714.995
525.345
450.285
860.18
784.239
1283.77
594.287
1365.32
632.074
972.979
594.287
1067.17
834.084
1003.42
612.89
760.444
808.778
834.084
612.89
672.259
834.084
784.239
834.084
834.084
714.995
558.756
1034.8
493.929
1067.17
808.778
943.465
612.89
320.697
914.845
943.465
576.248
693.298
1207.08
525.345
943.465
525.345
1244.84
972.979
509.395
808.778
972.979
972.979
760.444
1003.42
1244.84
632.074
1100.55
362.834
887.092
1283.77
525.345
612.89
834.084
1003.42
436.609
