622.355
783.658
664.024
709.465
681.097
727.431
666.625
697.587
641.154
611.073
704.487
756.529
589.555
691.179
756.97
650.861
664.539
620.184
723.037
732.974
750.719
680.44
738.522
698.979
688.878
611.696
671.267
657.944
735.67
605.645
784.471
602.71
655.035
597.547
717.461
662.988
706.188
704.529
738.113
819.801
738.284
672.207
726.539
647.455
610.017
783.818
802.397
694.74
683.794
647.857
696.191
653.457
777.117
648.487
635.27
643.135
723.25
653.715
699.193
729.144
654.392
702.92
668.649
704.157
701.564
659.381
759.221
662.814
795.665
758.453
696.878
735.191
734.702
687.791
711.252
840.589
640.457
670.62
658.251
697.689
721.643
675.652
630.729
704.044
786.167
659.916
704.985
625.599
717.203
666.903
688.957
693.045
628.944
831.258
628.178
690.87
647.158
676.986
774.259
669.526
746.981
660.425
767.31
721.602
635.203
699.397
652.586
666.921
725.573
685.533
692.016
596.701
669.722
729.122
642.756
688.718
666.329
649.742
786.424
693.335
664.171
684.682
678.632
766.973
787.444
586.723
713.07
637.142
654.036
664.226
720.644
663.18
658.439
695.586
773.96
743.044
664.907
677.888
679.554
636.112
709.57
599.533
673.4
740.206
656.648
778.296
741.981
803.646
627.956
719.138
700.09
694.941
664.926
800.697
714.363
736.392
602.827
800.871
641.484
703.126
656.182
895.274
694.76
808.751
757.161
694.273
715.813
597.801
758.981
688.205
650.843
668.183
656.972
742.659
708.941
666.56
649.834
717.933
724.778
699.618
755.457
660.179
623.098
721.516
691.059
688.66
740.39
668.985
621.364
633.375
714.13
774.085
746.563
690.026
805.494
659.925
716.347
615.066
599.533
716.492
785.023
686.238
685.552
641.845
764.006
635.068
676.754
716.433
641.415
638.583
681.551
723.255
595.446
739.472
703.641
712.519
832.483
769.222
776.966
658.053
600.387
649.661
641.75
706.624
654.749
718.406
695.102
662.156
719.698
667.292
697.223
774.656
752.721
699.274
701.728
687.51
684.077
737.456
737.371
740.985
601.818
714.981
770.333
701.113
793.731
740.482
746.47
589.595
681.276
805.602
782.17
688.245
726.198
744.525
730.364
764.195
707.437
629.652
748.723
635.096
696.191
648.443
752.084
653.039
736.347
679.593
691.01
612.57
733.781
654.892
612.476
701.764
827.717
689.749
658.843
657.827
731.321
740.665
667.413
923.664
718.535
739.057
736.528
602.226
671.606
673.452
661.608
659.572
675.252
683.979
678.287
694.65
609.269
738.75
694.479
690.582
641.347
727.067
755.528
669.652
662.229
635.203
664.604
681.136
786.695
733.22
728.701
675.823
718.148
690.592
686.277
707.562
656.037
703.528
676.852
619.639
687.526
684.848
709.109
686.749
752.65
709.99
667.571
602.725
625.86
634.867
612.578
721.556
673.641
655.751
792.691
721.31
665.488
623.616
750.931
660.152
759.509
631.725
635.035
655.966
723.38
630.067
790.322
664.024
701.461
658.793
769.641
694.77
743.832
778.125
732.795
754.258
748.32
707.103
770.791
605.492
637.65
826.35
744.432
692.985
728.253
760.132
677.674
693.696
751.801
708.042
592.809
672.697
732.348
653.858
617.011
711.758
691.697
719.731
662.951
726.429
724.478
630.53
699.866
613.353
810.362
740.573
741.534
685.748
642.687
760.448
702.262
635.32
682.763
775.579
758.741
714.385
665.276
630.244
656.59
664.558
554.092
663.134
664.383
707.207
699.295
761.751
715.109
727.53
520.133
686.827
653.822
592.429
777.193
773.885
628.878
602.12
717.654
791.521
740.116
639.774
656.433
634.43
738.034
844.345
650.341
778.352
752.399
642.822
683.658
709.151
672.792
732.795
728.9
718.336
669.657
646.626
670.176
640.286
754.952
725.605
628.08
734.218
644.715
647.962
642.102
685.65
631.592
639.399
690.096
748.319
702.097
816.843
690.185
796.565
706.312
723.645
779.363
714.768
704.405
748.705
755.445
724.51
629.501
694.419
765.566
716.646
653.813
672.829
776.655
736.706
613.949
765.054
673.183
702.825
810.992
677.138
773.511
686.513
660.77
682.239
714.045
689.036
636.576
670.948
681.982
653.742
760.568
838.094
699.152
624.753
757.209
652.897
719.245
686.512
692.895
651.143
685.405
701.574
676.356
678.689
802.256
740.916
612.508
743.196
