825.396
711.927
620.745
627.066
622.936
648.662
724.084
679.246
769.814
804.454
646.424
702.385
709.99
661.453
669.9
710.831
749.266
655.895
631.16
737.342
659.246
687.221
715.466
721.516
692.006
752.625
675.69
784.271
693.656
629.34
628.812
705.876
712.985
581.182
668.272
705.918
723.32
682.598
594.749
777.369
687.573
719.687
673.868
682.724
625.991
713.112
715.898
760.18
720.303
616.306
662.375
760.327
789.334
666.384
685.454
626.579
599.114
757.783
740.733
638.923
683.814
653.84
665.451
721.516
704.876
640.491
597.741
729.676
640.765
753.974
733.624
684.077
590.142
702.385
653.466
696.108
731.009
737.757
726.495
672.469
789.899
747.4
804.522
660.734
668.165
719.396
679.054
654.732
687.285
676.737
658.612
724.412
669.302
693.716
622.367
632.224
681.058
736.409
768.458
760.761
914.81
765.896
753.636
689.947
623.001
668.24
571.876
871.858
768.606
699.885
676.718
794.386
810.498
783.204
665.46
615.524
673.868
610.482
759.413
665.184
751.283
680.672
643.687
644.464
629.728
682.608
656.428
650.508
729.365
659.635
742.888
768.886
773.411
684.613
639.092
687.93
798.075
773.81
625.791
662.995
699.753
670.433
740.653
627.891
802.585
633.718
676.137
606.487
760.183
712.561
707.687
719.806
702.159
766.593
648.864
689.07
675.537
665.742
689.786
696.717
677.971
897.769
688.556
701.828
726.484
721.472
620.713
808.152
752.225
612.805
692.495
682.288
797.836
639.263
738.59
715.493
781.196
666.299
797.239
654.714
761.316
691.976
731.452
630.513
683.385
655.172
640.218
748.916
677.291
696.61
673.679
683.853
722.297
759.87
744.201
721.939
853.913
740.071
742.406
643.367
735.197
617.742
735.129
667.905
633.555
760.568
821.526
640.62
663.4
734.589
701.81
692.295
650.984
750.203
719.439
638.294
794.035
703.822
663.51
793.877
762.088
734.499
642.137
698.887
661.937
642.205
743.694
769.148
754.922
677.514
691.577
640.15
675.005
782.438
563.537
589.345
641.862
657.233
716.604
746.441
699.356
765.005
706.937
662.631
755.778
643.1
702.879
771.72
603.815
654.464
634.529
688.799
669.844
750.672
726.803
718.836
627.07
740.116
729.851
664.282
795.772
654.892
660.734
697.197
615.516
646.104
643.928
752.119
720.865
726.715
645.162
660.334
733.775
632.058
773.885
627.193
732.392
765.908
687.91
742.957
727.111
811.925
668.416
708.219
659.282
757.328
810.164
713.448
702.982
705.264
731.789
647.001
609.575
698.328
632.883
706.562
828.503
730.431
634.967
625.322
714.088
777.722
743.51
672.726
754.442
649.276
761.86
773.411
675.157
778.378
655.787
723.255
712.181
752.154
700.929
735.107
633.407
771.807
611.384
699.621
791.981
727.718
735.963
699.295
743.187
636.095
653.871
712.35
715.963
782.846
721.711
693.576
787.205
714.981
688.245
659.2
730.318
728.436
706.312
697.323
687.477
589.925
641.746
761.534
715.749
707.478
721.06
759.413
651.02
672.358
817.999
787.418
726.671
762.259
679.65
735.399
686.906
654.464
771.72
676.518
652.046
820.81
662.156
694.499
701.313
664.125
608.871
782.667
756.159
769.247
607.146
625.681
741.488
858.356
782.081
656.9
747.324
711.569
622.145
720.519
781.139
784.125
682.259
654.674
661.016
712.858
690.861
730.475
666.088
668.724
659.409
777.923
749.985
638.09
572.75
697.263
629.868
728.17
622.29
710.41
658.477
674.38
682.885
668.426
720.13
679.727
660.879
673.15
729.482
642.756
693.085
743.418
612.633
657.26
719.59
729.454
716.945
725.441
669.932
728.259
795.528
661.335
678.824
759.942
699.457
664.907
668.24
653.519
694.499
845.207
669.19
785.562
717.976
776.25
707.791
728.458
716.198
704.529
706.645
720.022
666.829
629.208
646.818
739.205
696.424
639.348
747.771
711.347
620.104
624.539
738.932
798.393
667.97
693.548
697.354
702.508
651.815
705.207
657.368
647.822
709.735
708.094
670.33
730.542
676.108
650.024
768.409
775.604
604.486
725.041
766.483
741.763
711.337
683.775
745.577
676.451
745.288
642.962
795.403
795.667
756.553
772.291
688.245
649.997
658.197
685.875
622.613
759.269
751.424
654.535
684.004
672.81
717.353
638.481
696.707
634.598
644.75
594.955
800.097
655.026
