669.806
750.203
631.725
695.828
638.37
676.051
715.402
669.134
707.812
670.424
607.235
719.234
737.28
684.379
717.89
765.511
705.223
829.283
653.821
879.848
676.528
680.44
649.733
709.549
706.188
699.254
758.933
733.691
744.617
690.582
743.28
624.281
657.834
811.211
731.204
704.405
651.656
705.855
685.493
624.492
684.477
692.735
655.608
613.29
706.125
679.593
671.136
719.353
680.402
695.062
733.87
728.215
634.229
684.184
782.081
698.024
644.412
749.547
682.297
738.477
647.822
875.387
700.514
663.432
645.441
692.615
598.695
696.373
898.659
698.338
714.971
620.056
662.7
820.67
630.364
704.137
638.991
743.084
741.282
741.351
640.141
680.513
723.244
678.881
636.078
668.054
675.461
753.784
632.041
628.472
671.568
725.682
766.838
794.482
842.241
710.557
739.023
793.038
704.726
686.749
655.107
705.482
658.233
830.776
665.793
619.142
667.199
703.125
629.583
685.797
620.488
618.41
669.918
691.896
670.962
830.798
687.851
791.051
749.149
749.638
636.449
628.45
673.282
702.262
596.136
781.976
853.533
808.315
683.97
703.806
781.063
653.092
736.031
783.741
713.236
679.246
639.672
818.459
576.99
670.01
708.983
794.284
721.939
795.113
648.548
781.05
619.88
756.677
764.323
624.834
750.978
690.821
753.429
753.5
664.392
825.88
666.532
677.282
654.464
739.501
685.768
772.291
729.587
700.213
656.182
675.609
595.191
621.348
648.014
754.021
708.167
619.015
703.538
657.224
660.08
668.537
677.903
675.385
748.145
720.444
633.626
658.811
781.47
674.569
803.256
812.667
735.242
695.263
713.939
752.367
684.516
712.773
842.714
701.933
690.384
665.867
839.589
584.039
678.191
724.03
619.847
774.16
747.376
750.577
616.484
687.083
662.924
822.949
626.71
725.003
703.404
664.263
682.892
703.126
632.758
619.815
709.998
708.105
643.531
738.886
728.989
631.459
654.816
658.974
686.788
664.318
671.343
683.638
705.067
649.909
637.921
671.568
691.647
678.421
763.375
735.659
709.811
770.828
674.579
592.013
703.394
682.21
624.354
699.229
683.609
613.004
628.614
680.093
685.924
680.595
711.505
599.203
607.239
764.043
701.256
785.408
757.591
589.461
619.88
675.647
764.731
720.411
731.387
650.261
717.933
716.497
660.207
746.11
768.139
650.781
753.193
606.517
637.294
744.248
645.001
724.193
642.824
623.066
720.217
771.422
715.45
692.775
823.74
615.267
606.809
643.066
622.839
748.518
671.469
737.569
703.742
655.572
732.772
743.948
669.356
719.828
691.398
715.536
723.165
684.477
640.284
678.153
686.273
721.863
848.636
705.228
665.424
704.933
679.208
906.363
765.359
792.619
595.575
664.19
677.251
679.285
602.831
754.045
676.404
693.897
726.888
821.056
714.13
704.157
766.275
649.329
686.356
610.001
619.364
679.978
621.742
739.773
840.471
688.206
631.592
614.767
730.12
749.524
735.163
660.497
655.608
771.212
762.308
670.068
754.092
610.358
628.973
645.886
741.718
614.326
813.935
730.687
702.298
699.641
730.72
641.999
845.147
722.037
762.524
765.59
647.927
744.929
735.467
694.218
818.236
619.488
742.222
612.32
617.805
699.968
676.618
783.869
700.172
653.786
682.424
762.403
713.96
757.06
627.038
587.053
595.671
681.348
723.691
624.346
926.642
664.963
676.394
640.833
699.56
741.351
644.897
708.293
710.705
718.879
638.923
614.263
796.036
796.552
738.693
785.601
717.161
725.003
680.305
789.438
670.531
753.719
655.966
707.89
716.989
737.569
639.593
769.099
672.396
668.98
604.92
705.389
684.748
727.023
769.715
747.772
656.738
730.809
710.999
814.501
693.295
680.264
703.579
628.343
662.083
623.774
739.615
609.676
635.119
746.423
674.171
594.911
717.418
750.848
654.982
655.5
760.882
708.962
786.463
700.581
775.886
687.339
699.157
726.494
615.76
817.734
846.186
634.629
728.745
790.374
684.282
689.164
682.53
699.478
712.556
706.749
682.841
689.749
647.673
646.286
670.517
708.606
726.539
713.706
641.879
723.233
767.267
583.542
693.085
692.205
630.232
754.448
694.419
704.571
799.937
668.235
851.398
635.303
706.583
636.011
674.361
628.318
692.255
628.645
694.74
844.939
730.12
728.967
689.352
704.943
701.236
601.697
627.956
805.981
711.985
667.84
