151.938
156.836
188.317
208.444
143.291
194.584
253.77
237.272
171.402
175.182
165.203
203.468
220.536
164.589
232.387
297.52
121.083
227.257
169.337
205.182
175.518
200.125
203.865
128.763
175.687
228.679
171.241
147.588
227.664
154.777
188.074
200.345
251.24
166.104
224.465
150.32
189.932
259.169
173.025
187.399
163.229
224.741
175.518
231.138
206.574
159.09
230.037
195.201
227.257
150.754
203.016
165.054
197.063
168.517
219.082
180.726
185.969
183.91
206.34
237.523
288.991
157.508
253.77
254.035
270.488
197.743
174.18
171.633
248.506
178.345
238.064
175.602
175.687
163.284
200.62
146.404
205.297
262.993
207.497
230.264
179.132
202.763
224.741
198.226
184.095
259.722
196.045
238.064
212.459
189.611
154.059
213.826
223.026
159.437
176.963
157.106
227.221
204.378
134.522
163.43
201.117
217.388
136.1
252.892
211.23
196.019
177.694
161.981
153.155
165.278
314.415
219.345
213.202
158.057
219.873
213.701
190.625
184.934
163.723
242.327
297.823
150.739
193.913
265.573
236.485
164.682
177.038
203.468
207.866
242.729
183.356
150.475
209.715
220.603
162.92
196.309
156.971
258.986
232.906
173.972
204.207
174.18
224.465
263.088
250.637
165.652
193.144
243.619
232.609
152.516
232.887
154.712
203.016
204.15
199.239
271.392
255.522
227.75
211.935
194.067
238.22
203.915
160.276
167.551
174.637
203.016
224.456
230.992
225.713
216.422
254.743
184.934
178.606
185.851
194.274
174.014
202.903
196.467
216.902
146.936
186.111
218.558
202.51
194.791
230.482
173.312
215.974
172.372
242.006
174.263
158.057
172.128
209.055
219.477
209.715
154.826
167.474
240.414
176.621
250.809
183.817
185.969
169.023
193.964
186.92
188.511
240.414
199.797
143.193
191.374
149.46
179.396
204.952
216.839
226.622
174.554
210.017
250.551
156.568
173.642
194.17
204.122
250.294
183.76
203.922
177.738
145.011
168.09
197.209
154.189
211.108
146.04
199.246
191.927
162.125
177.038
232.461
183.356
246.246
151.254
247.539
174.512
237.214
211.659
188.353
181.885
165.352
174.18
236.294
162.557
153.93
230.618
164.293
238.375
180.281
160.699
180.682
177.221
160.699
222.551
164.905
274.758
208.697
213.451
230.264
223.915
296.614
232.018
305.99
189.735
232.147
127.194
234.701
159.715
150.444
198.441
183.679
264.708
133.661
198.172
166.369
174.18
166.029
179.926
148.247
158.331
206.925
166.407
163.723
173.477
180.537
211.966
159.611
170.284
199.797
208.816
253.418
164.09
238.064
246.911
207.335
213.826
223.846
172.047
168.926
202.791
211.292
214.705
262.144
172.698
216.839
228.037
172.372
215.847
275.899
208.757
169.494
242.327
134.845
261.956
196.151
197.209
161.981
218.525
196.361
196.89
226.693
259.537
193.553
155.825
249.269
195.835
223.367
244.434
179.44
131.734
279.741
169.769
171.08
222.416
224.396
236.065
165.502
151.882
165.352
177.867
222.28
128.854
195.182
191.024
159.298
202.791
180.192
184.095
191.927
178.606
215.783
166.482
157.106
227.115
184.141
189.341
168.09
157.174
146.406
153.541
243.295
277.629
162.125
178.519
227.115
169.494
191.021
205.412
197.743
193.758
188.755
198.333
211.72
138.158
173.6
311.533
171.041
200.18
222.822
156.903
199.797
144.097
241.366
156.618
183.979
161.694
161.909
305.479
230.409
191.224
172.494
210.047
245.584
261.546
190.031
230.409
179.837
218.525
182.35
198.927
187.207
189.919
198.172
167.015
169.962
182.852
156.559
244.271
182.35
198.603
208.682
207.984
196.032
228.965
226.482
219.477
223.231
180.37
192.382
258.986
178.759
177.35
158.331
154.712
276.735
164.682
242.971
242.488
237.291
206.661
270.889
203.016
157.921
173.333
194.999
241.526
191.889
253.067
186.61
156.971
226.974
185.662
160.065
211.966
199.797
180.192
226.693
193.349
183.081
253.023
191.675
135.847
198.105
179.749
165.652
183.54
265.96
173.025
218.427
283.938
152.262
196.89
183.633
213.451
139.637
169.023
247.58
220.67
266.347
244.516
200.07
275.795
188.365
249.951
180.325
184.934
214.202
186.443
200.895
163.12
211.689
219.082
173.683
231.834
202.903
196.679
211.843
160.84
177.565
178.041
194.999
220.403
211.72
190.725
