611.085
952.878
549.414
643.927
1072.38
903.967
642.089
1002.55
762.104
749.405
601.9
734.899
635.528
1181.66
755.018
613.844
635.528
792.58
798.751
596.618
598.573
650.229
600.417
665.626
767.506
858.066
741.235
600.54
593.71
638.861
706.142
717.23
640.261
679.551
653.646
880.551
695.227
625.6
817.971
538.931
671.744
762.7
885.619
1131.36
674.68
739.734
719.348
615.653
863.387
567.216
762.104
600.54
999.463
554.836
878.434
836.221
818.2
857.814
694.236
470.913
810.263
719.171
590.353
840.006
767.695
594.616
721.473
631.547
873.057
669.897
682.327
588.808
815.689
797.879
563.933
804.909
623.001
895.11
693.084
855.242
721.835
652.542
870.004
654.89
907.264
633.875
515.778
1028.56
1018.26
703.212
657.801
989.233
546.947
546.027
828.637
907.897
710.951
698.383
944.565
888.581
748.829
786.688
1028.29
835.982
729.581
673.601
713.032
851.443
738.426
690.134
726.408
577.297
819.117
553.156
649.002
779.166
550.967
829.577
738.8
707.51
773.394
485.942
889.121
722.191
672.671
751.476
816.601
750.174
718.994
631.138
934.6
583.286
515.414
762.899
777.508
561.334
677.661
628.695
1044.08
849.711
882.678
827.464
660.215
1298.08
626.136
623.466
666.233
812.064
684.323
644.495
779.789
569.758
571.876
627.884
828.637
649.038
646.705
486.59
722.548
597.594
1182.62
951.018
1226.27
736.751
664.416
633.188
581.893
562.198
571.429
586.563
865.432
636.566
469.081
772.372
809.352
536.089
854.554
743.497
669.897
853.805
650.518
803.14
864.664
428.153
662.007
664.945
504.3
839.102
854.554
564.369
953.772
736.01
576.613
504.997
652.26
785.868
727.221
579.126
758.151
858.318
551.799
830.512
751.476
635.528
876.262
695.31
778.336
611.085
601.034
765.296
789.05
596.132
675.157
755.799
555.785
678.605
903.408
1133
976.756
651.679
764.096
636.081
763.696
915.861
774.213
984.983
541.175
785.024
812.967
681.77
634.425
872.145
785.763
617.278
878.698
839.825
792.687
582.821
759.332
508.334
663.511
739.734
421.851
609.048
761.31
585.154
946.707
1027.93
667.602
653.938
645.919
673.291
800.391
943.651
881.447
659.619
703.932
736.566
588.926
744.254
695.723
689.326
839.584
698.884
773.804
619.371
637.746
848.847
587.506
808.024
1000.49
775.857
754.239
710.174
639.7
783.551
645.776
684.323
979.046
711.643
580.968
584.219
556.632
738.24
749.597
681.611
723.442
662.609
620.406
686.09
759.727
733.793
747.298
588.422
720.057
873.187
756.385
822.575
664.265
662.159
484.653
686.09
970.594
762.8
769.324
606.269
751.331
771.761
563.933
896.208
710.605
702.072
824.896
880.551
670.511
678.605
845.411
610.319
968.023
645.028
705.802
846.635
625.199
610.065
795.275
851.815
843.459
946.553
763.647
948.857
663.492
689.488
602.024
934.003
694.731
578.21
726.408
666.841
665.02
1035.21
930.288
684.323
569.204
597.106
915.288
687.381
1293.55
700.726
626.807
501.79
480.59
987.645
1031.92
628.357
830.52
723.621
775.857
785.868
627.884
668.671
749.982
663.662
727.946
805.797
912.431
569.204
770.896
856.306
720.589
786.714
796.683
864.92
863.898
633.325
728.671
874.231
751.911
855.805
811.163
878.434
740.109
763.198
834.312
838.139
796.141
767.506
1048.2
683.044
604.264
728.308
689.488
555.574
886.963
1059.21
577.753
851.815
990.993
1359.1
662.909
776.682
593.228
865.945
704.781
754.239
703.932
569.647
862.369
668.671
651.388
897.859
815.234
696.718
720.767
794.302
443.885
789.05
778.751
930.436
559.374
671.667
713.902
586.548
524.853
560.259
714.775
818.888
566.446
726.498
621.411
1011.57
823.038
616.237
987.478
539.77
585.623
1015.06
845.9
641.948
725.057
821.188
619.633
778.336
800.94
860.845
731.589
676.72
528.076
940.917
761.707
621.477
1032.97
639.98
627.345
947.013
905.788
751.911
775.857
732.689
621.345
610.511
623.067
1127.87
742.741
514.326
647.349
820.036
805.797
929.401
915.575
760.518
730.857
699.385
790.116
565.242
738.24
671.127
619.371
600.294
791.4
888.581
636.913
727.923
817.514
795.708
821.188
618.846
800.282
813.646
850.824
698.049
776.888
803.803
561.119
483.691
574.573
721.478
731.543
785.868
849.832
522.788
