789.958
715.664
689.788
714.258
743.965
594.867
710.936
698.156
701.277
671.732
784.74
618.442
829.491
704.116
708.146
628.384
696.151
878.56
692.196
752.626
605.248
702.128
739.102
637.226
679.824
687.368
691.697
635.908
780.605
711.611
784.074
739.9
556.385
818.934
806.899
671.831
686.314
577.601
642.334
643.825
738.926
752.308
814.899
734.634
601.727
653.964
777.294
679.516
692.176
675.766
658.035
752.98
622.702
682.841
720.865
772.217
635.236
698.135
683.921
758.909
670.255
624.63
667.533
650.032
698.054
685.009
652.187
690.245
703.249
729.853
756.398
681.213
710.305
715.792
706.604
687.142
746.371
665.756
680.055
753.193
861.391
683.716
661.827
633.626
675.728
675.728
789.906
798.048
637.768
795.957
681.136
662.11
692.255
606.559
692.136
766.875
794.603
691.976
629.736
611.042
609.738
744.017
717.311
954.674
810.499
689.57
699.193
670.18
703.703
790.153
634.363
670.236
735.014
678.363
651.267
635.935
695.404
674.968
749.079
711.042
713.027
721.581
735.783
736.031
631.26
666.403
715.664
667.533
715.28
764.956
639.654
708.554
774.809
833.003
673.868
691.378
714.981
679.978
723.342
675.081
676.986
730.92
689.273
759.557
698.318
799.484
671.642
642.616
720.454
664.829
737.841
657.152
828.746
652.152
748.133
702.097
740.996
714.3
698.74
693.656
731.076
784.407
697.197
663.932
784.035
713.398
630.058
746.702
686.808
755.208
743.647
676.566
618.314
705.938
718.384
705.15
716.936
797.677
678.43
649.224
633.576
626.187
757.472
649.768
665.553
661.791
650.535
672.773
639.536
694.891
649.363
640.423
698.521
712.25
623.502
662.147
836.925
831.496
703.188
679.785
691.896
653.964
630.828
691.652
766.985
740.619
721.646
714.726
733.321
623.001
609.738
668.537
659.354
695.848
779.035
688.779
641.656
608.578
619.208
753.666
704.467
694.539
664.318
630.381
654.821
732.348
787.418
705.71
636.614
764.341
663.657
600.666
852.775
637.633
629.274
684.721
654.071
638.991
601.871
731.901
647.752
629.406
625.73
613.886
697.851
677.865
717.461
687.851
598.875
698.826
611.567
747.749
709.504
677.444
750.379
718.298
682.111
658.303
743.878
688.56
642.343
716.647
703.332
677.769
682.822
665.488
648.522
643.721
647.892
702.755
638.668
766.397
708.732
803.66
750.109
676.737
779.136
732.214
636.078
613.259
639.843
647.341
777.193
650.693
663.951
612.289
647.594
634.564
616.789
633.994
688.937
668.761
767.377
763.812
708.627
719.116
712.435
675.652
676.223
637.887
703.414
823.062
725.836
733.601
631.609
690.413
716.689
842.448
691.856
682.219
736.935
616.061
788.971
729.543
723.528
700.458
671.869
718.728
643.661
702.879
713.409
658.125
725.474
698.481
689.194
753.405
824.752
717.879
791.077
731.455
684.009
769.074
684.946
732.616
805.17
688.779
737.207
674.512
655.608
646.633
865.07
763.132
683.619
712.646
757.687
616.753
630.265
694.398
682.996
616.156
687.988
740.482
612.601
725.167
697.02
692.415
701.984
696.959
800.23
675.043
806.455
719.267
696.191
701.297
646.252
694.982
666.551
615.366
789.906
727.111
658.612
654.642
687.89
837.067
703.909
678.478
858.063
709.233
754.827
725.529
701.072
671.869
751.177
646.914
876.987
728.856
753.028
617.011
765.835
679.766
710.914
793.825
616.536
685.254
684.399
686.611
758.441
667.863
733.03
700.867
637.726
714.184
704.483
689.115
626.907
683.327
602.271
755.017
628.219
748.157
804.077
736.55
547.407
680.518
646.182
645.782
656.038
719.245
707.437
639.125
683.999
715.045
727.459
657.098
732.716
634.715
688.7
858.141
694.851
776.112
651.692
658.305
743.139
660.298
750.391
748.659
803.808
682.525
681.677
647.053
681.774
712.731
669.134
767.181
693.536
728.878
699.417
761.334
865.364
779.541
701.727
680.363
741.488
671.305
651.055
720.822
764.834
703.744
623.131
662.11
745.496
664.466
684.848
610.513
775.56
644.497
660.025
731.455
641.93
810.561
794.192
724.038
783.242
668.649
664.079
662.86
703.085
762.353
808.724
737.331
658.694
808.695
636.289
732.281
681.561
621.195
672.612
648.815
695.415
752.319
747.83
651.409
650.385
681.503
714.673
781.896
679.439
816.273
665.627
792.475
