228.321
214.633
172.847
235.487
208.099
143.539
266.463
143.539
178.28
183.882
189.66
201.763
189.66
235.487
157.517
195.618
189.66
134.911
283.44
157.517
189.66
201.763
201.763
214.633
221.372
266.463
214.633
235.487
172.847
157.517
189.66
183.882
228.321
201.763
228.321
214.633
167.579
208.099
242.877
214.633
189.66
228.321
208.099
242.877
178.28
162.471
195.618
167.579
189.66
195.618
130.793
235.487
183.882
195.618
201.763
208.099
162.471
250.499
178.28
221.372
221.372
167.579
221.372
157.517
201.763
235.487
139.159
195.618
221.372
201.763
266.463
221.372
152.714
183.882
189.66
167.579
208.099
178.28
178.28
189.66
208.099
183.882
214.633
258.358
195.618
228.321
242.877
178.28
183.882
201.763
228.321
172.847
152.714
235.487
172.847
162.471
221.372
157.517
162.471
172.847
242.877
183.882
195.618
208.099
172.847
250.499
178.28
126.799
221.372
228.321
172.847
189.66
183.882
178.28
214.633
167.579
214.633
157.517
201.763
172.847
201.763
189.66
228.321
235.487
266.463
258.358
228.321
178.28
157.517
242.877
172.847
195.618
189.66
189.66
201.763
221.372
341.117
183.882
195.618
162.471
208.099
183.882
148.056
201.763
201.763
242.877
208.099
208.099
183.882
208.099
178.28
208.099
189.66
157.517
189.66
201.763
167.579
152.714
208.099
183.882
283.44
189.66
178.28
167.579
143.539
162.471
157.517
242.877
201.763
139.159
258.358
183.882
189.66
266.463
283.44
178.28
208.099
221.372
172.847
214.633
172.847
228.321
201.763
167.579
148.056
189.66
258.358
178.28
235.487
195.618
172.847
167.579
235.487
221.372
214.633
201.763
235.487
157.517
221.372
250.499
258.358
301.496
183.882
274.821
178.28
143.539
235.487
201.763
178.28
172.847
221.372
242.877
157.517
189.66
301.496
195.618
167.579
195.618
189.66
178.28
183.882
221.372
183.882
178.28
274.821
126.799
183.882
195.618
195.618
183.882
152.714
235.487
235.487
157.517
134.911
228.321
201.763
208.099
195.618
228.321
183.882
208.099
221.372
189.66
183.882
178.28
208.099
274.821
189.66
320.697
189.66
201.763
162.471
189.66
292.329
201.763
208.099
172.847
157.517
111.998
167.579
183.882
178.28
152.714
183.882
214.633
189.66
130.793
201.763
228.321
235.487
201.763
195.618
235.487
183.882
235.487
172.847
172.847
167.579
201.763
148.056
167.579
172.847
189.66
183.882
134.911
228.321
162.471
228.321
235.487
183.882
162.471
208.099
167.579
143.539
208.099
148.056
242.877
189.66
235.487
228.321
228.321
148.056
214.633
201.763
208.099
214.633
208.099
208.099
172.847
167.579
172.847
183.882
167.579
201.763
274.821
157.517
195.618
195.618
143.539
152.714
221.372
172.847
172.847
189.66
143.539
183.882
189.66
208.099
172.847
195.618
201.763
235.487
172.847
221.372
201.763
172.847
189.66
172.847
235.487
195.618
242.877
152.714
139.159
152.714
201.763
214.633
221.372
330.75
167.579
208.099
119.171
183.882
214.633
242.877
162.471
195.618
201.763
221.372
183.882
214.633
167.579
157.517
242.877
301.496
208.099
172.847
167.579
235.487
201.763
208.099
130.793
214.633
167.579
178.28
221.372
189.66
195.618
167.579
178.28
266.463
258.358
183.882
167.579
172.847
172.847
183.882
189.66
283.44
266.463
178.28
221.372
242.877
214.633
172.847
167.579
189.66
183.882
157.517
214.633
301.496
183.882
242.877
221.372
228.321
208.099
157.517
157.517
189.66
208.099
214.633
162.471
195.618
178.28
178.28
208.099
235.487
162.471
283.44
172.847
189.66
301.496
189.66
148.056
195.618
167.579
195.618
172.847
152.714
274.821
189.66
195.618
195.618
183.882
201.763
228.321
228.321
208.099
266.463
183.882
228.321
235.487
228.321
214.633
183.882
250.499
162.471
189.66
242.877
183.882
162.471
266.463
201.763
172.847
139.159
221.372
228.321
183.882
162.471
208.099
195.618
201.763
283.44
221.372
195.618
221.372
228.321
162.471
172.847
214.633
195.618
292.329
195.618
172.847
157.517
292.329
214.633
178.28
208.099
228.321
214.633
162.471
172.847
201.763
250.499
208.099
201.763
178.28
183.882
235.487
183.882
214.633
172.847
148.056
235.487
189.66
235.487
195.618
235.487
183.882
