747.878
634.97
630.04
724.926
591.951
753.729
724.926
681.11
724.926
747.878
665.369
802.209
713.715
587.355
753.729
789.805
777.592
713.715
639.938
644.946
620.294
702.677
649.992
724.926
783.675
697.222
660.204
747.878
747.878
736.313
771.556
675.822
795.983
708.174
649.992
601.252
730.597
605.957
753.729
639.938
742.073
708.174
556.161
789.805
747.878
686.439
686.439
691.809
655.078
625.148
702.677
765.567
630.04
771.556
675.822
665.369
670.575
660.204
702.677
644.946
719.298
719.298
675.822
691.809
691.809
547.557
724.926
783.675
771.556
675.822
686.439
596.584
759.625
639.938
596.584
742.073
821.182
686.439
777.592
630.04
702.677
670.575
665.369
808.484
708.174
596.584
665.369
753.729
708.174
789.805
610.699
708.174
639.938
649.992
795.983
655.078
708.174
771.556
724.926
847.178
708.174
681.11
644.946
691.809
702.677
691.809
644.946
639.938
670.575
724.926
681.11
719.298
730.597
713.715
649.992
719.298
675.822
675.822
675.822
697.222
736.313
675.822
765.567
655.078
736.313
660.204
660.204
724.926
639.938
691.809
665.369
675.822
719.298
702.677
742.073
789.805
713.715
620.294
655.078
644.946
713.715
649.992
702.677
730.597
665.369
691.809
639.938
724.926
777.592
724.926
724.926
644.946
753.729
724.926
777.592
691.809
655.078
670.575
644.946
736.313
644.946
675.822
681.11
713.715
783.675
681.11
655.078
605.957
686.439
777.592
691.809
713.715
713.715
670.575
713.715
630.04
601.252
708.174
605.957
795.983
675.822
708.174
759.625
697.222
708.174
713.715
771.556
681.11
708.174
644.946
724.926
708.174
753.729
630.04
665.369
649.992
759.625
697.222
615.478
564.901
759.625
644.946
765.567
620.294
691.809
719.298
719.298
724.926
665.369
730.597
765.567
742.073
759.625
691.809
702.677
691.809
670.575
681.11
702.677
713.715
670.575
675.822
753.729
742.073
601.252
795.983
753.729
713.715
713.715
697.222
771.556
814.809
802.209
649.992
713.715
708.174
724.926
591.951
730.597
747.878
742.073
783.675
713.715
736.313
742.073
605.957
777.592
742.073
625.148
827.605
713.715
601.252
702.677
736.313
719.298
660.204
860.482
655.078
639.938
639.938
821.182
644.946
681.11
686.439
708.174
783.675
697.222
582.794
634.97
644.946
620.294
697.222
670.575
747.878
630.04
644.946
724.926
697.222
675.822
719.298
655.078
759.625
670.575
670.575
697.222
644.946
736.313
615.478
753.729
660.204
719.298
753.729
639.938
697.222
777.592
702.677
660.204
675.822
742.073
644.946
753.729
802.209
655.078
686.439
691.809
697.222
753.729
724.926
639.938
697.222
596.584
765.567
615.478
719.298
759.625
660.204
681.11
681.11
582.794
708.174
681.11
686.439
625.148
742.073
644.946
730.597
670.575
691.809
765.567
702.677
675.822
670.575
724.926
660.204
753.729
840.603
742.073
747.878
771.556
675.822
660.204
686.439
582.794
713.715
670.575
681.11
639.938
730.597
686.439
730.597
702.677
713.715
691.809
620.294
860.482
625.148
639.938
665.369
681.11
708.174
730.597
708.174
691.809
730.597
675.822
625.148
777.592
753.729
724.926
747.878
771.556
753.729
655.078
789.805
649.992
639.938
670.575
783.675
724.926
713.715
573.778
681.11
719.298
620.294
753.729
742.073
759.625
660.204
605.957
644.946
670.575
697.222
747.878
747.878
670.575
697.222
625.148
681.11
649.992
753.729
649.992
675.822
873.996
759.625
660.204
840.603
670.575
724.926
660.204
777.592
665.369
605.957
686.439
634.97
675.822
644.946
708.174
747.878
777.592
634.97
660.204
686.439
719.298
630.04
702.677
742.073
655.078
742.073
697.222
724.926
660.204
724.926
691.809
713.715
724.926
747.878
736.313
681.11
847.178
630.04
742.073
660.204
753.729
719.298
655.078
591.951
840.603
713.715
686.439
649.992
777.592
840.603
753.729
730.597
697.222
742.073
730.597
702.677
591.951
591.951
601.252
753.729
730.597
675.822
719.298
702.677
708.174
759.625
697.222
686.439
681.11
691.809
759.625
675.822
719.298
660.204
691.809
697.222
691.809
730.597
730.597
713.715
691.809
686.439
708.174
747.878
808.484
708.174
534.898
691.809
639.938
691.809
665.369
742.073
753.729
649.992
702.677
697.222
795.983
697.222
