460.528
414.084
358.791
602.956
459.948
387.107
426.156
690.792
384.156
499.209
541.576
502.631
525.939
517.582
426.405
974.964
594.919
570.704
430.423
476.75
568.733
562.847
505.434
497.182
615.718
394.631
604.014
509.308
464.626
446.598
805.769
426.903
403.343
571.764
579.586
400.47
679.867
422.583
685.286
497.859
529.607
729.308
684.794
671.127
440.657
449.897
352.56
571.876
367.635
568.318
487.198
374.415
647.636
489.113
487.523
610.319
549.31
500.587
567.436
522.788
500.587
564.369
407.845
372.127
704.102
493.823
415.969
484.653
462.568
408.643
450.729
571.317
522.041
420.74
539.727
452.263
436.593
396.236
433.743
416.443
550.344
516.142
558.333
485.942
500.245
580.968
519.075
512.882
469.363
486.833
519.813
338.203
449.068
453.386
482.733
408.643
452.824
368.562
556.632
461.4
436.333
532.598
648.498
415.245
576.386
493.656
425.66
407.276
366.896
389.479
436.072
354.355
659.619
514.688
442.408
783.341
626.136
389.168
619.305
488.5
447.967
517.238
429.411
400.689
447.555
679.236
696.718
528.84
457.501
618.584
489.523
528.84
434.969
562.198
630.865
483.052
481.461
571.876
539.777
537.395
406.936
480.768
550.759
436.593
535.035
465.218
424.917
590.115
467.3
500.159
492.492
510.197
470.913
442.927
389.999
546.998
656.655
400.196
409.444
465.959
694.072
342.002
429.411
460.093
340.885
479.251
536.606
386.697
418.111
476.129
565.679
369.4
511.257
590.353
440.74
410.709
511.447
530.953
542.179
448.93
577.24
497.52
563.064
456.786
391.251
760.914
395.272
548.898
466.703
499.881
478.153
428.388
454.231
554.52
582.589
467.002
444.425
540.176
497.69
605.641
512.523
402.344
625.734
467.824
557.056
593.71
537
492.16
474.891
450.521
430.169
518.385
493.073
423.931
468.048
507.188
433.293
644.211
530.664
530.183
460.8
549.517
409.186
433.486
459.37
403.566
349.025
563.933
333.116
465.792
490.838
508.246
634.976
622.006
527.314
393.728
382.148
630.05
487.238
439.213
594.677
447.692
468.724
394.845
433.872
392.512
444.02
371.843
458.038
417.633
679.236
377.119
513.964
357.038
534.643
474.275
576.386
561.334
499.22
421.973
403.789
525.797
394.845
398.505
567.436
787.562
426.156
459.659
463.742
518.339
749.501
383.401
448.93
485.942
394.525
561.766
695.641
533.862
502.653
340.726
335.756
688.757
577.069
502.653
434.001
433.872
355.995
376.731
403.956
437.639
448.379
562.198
456.198
447.281
492.16
394.206
731.955
525.407
606.521
332.794
532.695
445.645
587.491
363.069
512.164
544.198
639.98
382.448
511.089
441.339
410.133
726.408
400.799
442.81
671.127
411.751
531.92
526.365
493.281
436.072
435.293
355.13
415.26
503.302
378.658
593.831
480.748
436.561
343.771
530.376
514.688
445.102
495.329
436.854
467.899
425.412
543.388
502.308
448.241
390.624
479.251
581.43
548.679
519.813
446.453
462.531
423.164
508.954
396.129
571.652
368.376
466.703
461.4
425.784
491.994
461.109
380.259
477.061
344.5
476.361
542.783
429.285
601.529
467.151
642.795
696.635
416.918
358.791
512.433
414.553
610.829
730.852
451.704
511.447
541.175
343.771
458.074
563.824
437.083
661.11
582.705
538.98
499.22
480.195
496.506
513.874
499.561
431.184
462.568
499.134
432.972
448.379
490.508
426.405
486.59
376.731
594.193
410.364
558.333
521.482
526.934
390.937
431.057
488.194
437.885
491.291
532.259
517.593
486.893
565.46
473.353
455.647
457.358
553.261
541.376
367.531
758.151
286.836
497.161
510.732
415.26
572.772
478.153
555.336
598.083
720.767
431.312
742.741
738.24
520.554
470.307
632.64
482.733
357.562
326.567
412.099
383.438
478.604
519.075
484.012
385.27
530.376
418.59
409.387
426.405
416.918
769.324
511.268
658.43
538.956
836.221
383.652
447.281
624.398
555.363
508.954
496.169
401.129
438.164
399.813
488.868
545.009
452.824
498.262
423.195
527.885
626.807
459.081
587.979
452.263
452.683
607.024
455.363
483.371
404.012
570.927
405.132
491.168
448.104
431.694
493.99
435.034
552.424
384.257
473.2
555.785
470.307
445.917
654.011
403.232
623.599
501.231
673.601
511.805
402.233
640.541
555.363
416.206
500.587
544.603
