23
25
22
24
28
26
28
29
24
19
26
28
24
23
30
26
26
27
25
24
22
22
26
30
22
31
26
19
22
24
23
30
26
23
34
23
23
21
33
24
34
22
29
27
35
25
29
30
18
28
22
26
26
28
28
19
29
26
25
17
21
28
20
25
32
24
25
24
24
23
32
18
30
31
25
20
22
25
23
21
20
27
31
19
23
24
23
22
23
28
24
20
24
23
27
28
21
25
24
26
28
24
31
28
23
23
26
20
34
26
28
30
20
24
28
23
23
29
27
20
27
32
22
33
26
26
18
28
26
45
22
30
22
19
23
22
27
22
19
27
31
32
23
22
23
24
32
36
24
22
24
22
22
31
25
26
27
26
25
28
29
20
21
27
26
31
20
34
24
23
19
21
27
24
21
21
29
25
31
27
21
27
22
21
24
25
23
19
44
24
31
24
25
31
26
31
24
29
29
23
