49
42
54
51
44
51
60
47
47
46
62
57
48
44
54
52
45
58
44
67
46
54
46
49
52
50
52
51
45
62
58
53
49
44
44
53
52
46
47
46
44
51
48
55
56
43
58
48
49
42
46
60
59
45
57
53
48
57
53
48
47
59
42
45
62
43
42
59
43
41
58
68
51
45
53
50
53
45
55
52
43
51
47
47
48
47
59
55
55
52
54
40
45
51
43
51
51
52
49
59
48
48
51
57
48
43
53
45
48
51
47
49
44
44
48
49
50
44
60
48
47
46
46
57
53
46
40
41
49
46
54
48
48
59
55
48
56
53
52
49
50
55
44
53
42
49
51
54
50
49
45
51
60
49
67
47
44
45
62
48
46
64
46
53
54
52
42
42
48
49
48
49
51
46
55
47
47
47
49
44
47
53
48
43
54
42
49
44
51
49
50
51
55
52
51
52
56
59
46
50
