9
13
12
11
15
9
13
11
13
15
15
13
15
9
12
14
18
13
9
11
11
14
12
13
13
8
9
11
12
11
9
13
11
15
10
10
11
14
9
10
11
13
9
9
11
14
11
11
9
10
10
14
15
15
14
10
15
11
16
12
15
11
12
15
13
12
14
14
11
15
14
12
12
9
14
15
17
13
15
15
14
12
12
11
12
11
14
12
10
9
11
13
10
13
11
13
11
10
15
11
10
12
12
12
9
11
11
9
12
13
10
11
16
17
12
10
15
10
9
9
10
15
11
15
16
16
10
10
18
12
12
15
18
14
14
16
13
12
15
12
13
13
13
13
9
12
12
10
10
15
10
11
9
14
14
15
10
13
17
9
10
11
12
11
10
11
13
12
13
10
10
10
15
14
18
16
10
11
10
12
10
12
11
10
12
10
13
16
10
11
13
11
10
11
16
12
10
9
15
16
