13
15
12
11
11
11
14
13
13
12
11
14
12
15
14
12
14
14
13
13
15
13
16
16
16
12
15
14
14
13
14
16
13
12
12
16
11
15
13
13
13
14
14
16
20
14
13
12
14
12
14
14
12
20
16
13
15
12
15
12
13
13
12
16
13
19
15
15
14
16
16
15
11
16
13
17
15
13
16
11
17
13
13
13
16
13
16
14
13
15
14
12
13
14
14
12
14
11
12
15
16
15
13
14
14
13
13
14
17
12
14
13
17
14
12
13
13
16
15
13
12
14
13
13
14
14
12
16
15
12
14
12
13
12
13
12
15
14
13
13
15
14
14
15
13
14
12
14
20
20
16
13
13
16
14
13
17
14
13
13
14
14
12
14
12
11
21
14
12
16
13
12
15
14
15
16
16
13
12
15
13
15
14
15
13
12
13
15
14
13
15
16
15
15
13
13
14
13
13
13
