73
72
81
75
77
80
82
82
85
79
80
76
71
74
82
78
74
67
76
71
75
85
77
88
72
71
80
87
73
76
70
77
79
75
80
78
84
74
90
85
77
75
76
71
75
74
75
74
70
79
70
76
77
76
75
87
76
73
84
78
86
79
73
78
77
73
73
76
77
74
75
75
72
87
68
73
73
77
79
93
64
78
79
81
67
77
65
84
77
70
71
78
66
75
78
78
82
79
73
72
74
77
85
87
74
75
73
97
79
79
83
73
77
79
70
93
74
75
75
78
78
90
75
80
72
71
93
79
76
73
81
75
79
88
78
74
85
77
80
68
70
84
72
82
77
88
74
79
81
77
81
78
92
86
75
72
74
72
73
77
85
75
80
74
87
76
66
75
85
73
68
73
82
75
80
74
81
82
75
73
78
79
93
70
85
76
83
77
75
82
68
73
68
70
82
77
75
84
71
81
