12
16
15
13
13
14
15
12
13
13
16
12
11
13
12
13
10
16
12
14
15
13
12
12
11
14
14
12
16
12
17
14
15
15
14
12
10
16
11
15
14
15
17
10
11
12
11
23
12
12
14
13
15
12
12
12
15
12
14
12
12
11
15
13
15
10
21
12
13
14
14
13
17
16
14
13
14
15
12
16
14
16
11
13
13
14
15
16
15
15
14
12
11
13
15
14
12
13
15
15
13
15
14
21
11
14
13
13
13
18
13
13
16
15
12
14
16
13
12
12
16
11
16
14
14
11
13
14
16
13
13
16
13
14
17
13
14
14
12
14
12
14
16
12
13
18
16
12
14
13
14
13
17
14
17
14
17
12
13
11
13
12
10
13
12
15
14
11
15
13
16
16
16
15
16
11
19
14
15
16
12
17
13
12
14
12
14
12
12
14
13
18
26
17
15
12
15
16
12
17
