395
354
375
387
374
383
368
397
391
400
372
383
358
377
362
404
360
374
374
400
370
370
375
377
371
379
417
385
375
393
380
375
372
398
383
374
388
409
357
366
390
374
354
387
393
387
357
388
376
428
384
366
379
363
379
372
377
384
387
396
384
365
376
397
366
369
370
386
393
367
400
387
417
394
371
372
397
390
400
381
378
384
381
384
384
408
380
372
369
380
363
385
383
363
370
372
374
388
379
365
370
378
388
400
365
381
384
372
374
369
361
372
375
366
396
371
378
382
399
377
396
390
377
369
371
376
372
379
388
369
396
388
385
379
372
364
386
365
376
362
379
368
402
359
389
370
368
370
398
386
403
383
392
361
365
376
391
393
381
376
385
365
372
390
381
372
387
400
380
400
389
401
371
354
385
382
371
371
352
376
352
386
368
395
371
373
364
366
381
373
383
415
375
385
379
411
371
367
413
370
