27
23
29
26
31
28
21
26
28
27
25
23
31
28
25
27
22
28
26
32
27
37
24
25
24
29
25
26
22
27
24
37
23
30
25
26
26
25
24
24
28
28
32
23
27
22
25
24
32
24
24
30
22
21
29
23
28
26
25
25
23
26
27
25
24
26
25
23
22
23
22
28
24
27
26
23
25
23
24
26
24
27
25
26
24
23
23
24
26
29
26
27
32
24
26
31
22
26
29
23
24
24
29
26
22
30
22
20
30
22
27
23
25
24
25
24
27
23
28
29
20
33
22
23
21
25
23
30
27
28
24
27
27
29
25
31
24
22
29
21
24
28
24
28
27
26
26
27
26
28
24
30
34
26
30
31
26
26
22
33
24
26
24
30
21
24
27
36
22
24
32
22
26
26
26
29
26
22
25
23
28
26
25
23
24
27
23
24
24
22
23
34
26
29
25
24
23
28
26
28
