96
106
83
123
100
144
101
102
96
103
110
128
108
104
114
87
98
89
94
98
103
91
106
113
104
95
91
115
88
99
97
94
92
118
104
98
97
96
111
100
101
94
94
96
101
108
113
94
105
102
101
110
118
123
96
108
128
120
91
105
141
105
96
98
111
123
106
90
104
98
95
94
89
89
126
114
96
90
107
121
109
111
115
108
96
116
111
134
92
84
82
92
96
96
110
101
90
115
99
131
105
107
96
103
106
111
81
88
105
117
112
97
98
99
111
108
104
95
98
95
111
99
94
102
90
108
101
97
101
98
102
86
95
110
123
125
82
113
91
100
104
93
93
97
106
96
109
111
148
89
99
110
100
114
104
104
99
106
106
112
112
119
100
95
88
97
115
93
99
112
120
110
91
99
119
111
103
99
99
114
89
114
103
94
109
110
100
94
96
123
100
115
111
97
88
105
89
173
105
99
