37
39
44
36
39
37
31
32
48
40
36
35
41
40
46
39
38
39
57
42
40
37
38
44
36
38
32
48
39
37
38
43
37
37
47
47
34
38
34
43
35
44
39
30
32
39
45
37
39
36
36
34
41
45
37
40
39
35
38
37
32
51
37
42
41
38
40
42
38
33
37
41
35
42
40
38
46
37
36
39
43
39
41
42
42
37
44
36
38
37
45
42
36
45
43
31
35
40
38
38
35
40
53
39
42
32
38
40
35
40
35
46
42
37
40
40
38
33
37
38
36
48
31
38
38
34
40
43
34
40
40
43
37
47
34
44
48
40
37
33
33
39
40
38
39
42
34
48
31
37
43
34
36
45
35
38
40
50
35
38
39
47
46
43
39
41
42
40
43
36
41
36
38
36
41
37
38
38
37
47
38
33
40
42
36
40
39
40
38
38
38
39
41
37
37
37
33
40
35
43
