14
19
15
16
17
12
13
14
21
19
17
17
14
14
17
16
15
17
16
13
16
18
15
17
16
17
20
12
17
16
19
13
17
16
14
16
12
15
14
16
14
14
14
14
14
13
15
14
17
14
15
16
19
17
20
14
18
16
14
14
14
13
16
14
16
15
13
16
19
13
16
15
18
19
15
17
13
15
16
15
13
13
16
14
13
17
13
14
18
13
14
15
15
13
13
17
13
16
16
11
15
17
12
18
14
17
15
16
17
15
13
12
15
13
19
16
17
16
15
17
17
20
20
17
14
14
19
16
14
19
14
18
21
14
18
14
12
15
20
16
16
16
18
14
15
13
19
13
14
13
16
13
14
20
15
14
15
16
15
14
17
13
15
13
14
14
14
14
13
14
15
19
22
17
15
14
13
16
13
15
15
16
14
17
16
12
17
13
14
12
16
21
15
16
16
17
16
16
14
14
