19
13
14
17
13
14
12
16
18
15
12
15
16
16
13
13
16
13
16
13
12
17
13
20
22
15
14
11
18
13
13
16
12
13
13
12
17
12
17
14
22
14
17
14
16
13
13
15
16
17
13
12
22
16
12
16
13
16
12
18
12
12
12
16
13
14
16
15
15
16
13
15
14
16
15
16
18
14
13
15
11
13
17
14
18
11
15
15
20
20
14
14
13
16
12
13
19
15
13
10
15
15
15
12
16
13
16
12
12
12
12
16
13
19
11
15
15
12
14
14
14
21
15
16
12
15
12
13
16
14
18
17
12
14
12
14
15
14
13
16
13
12
14
15
12
13
12
15
15
15
14
14
12
16
12
15
14
17
18
15
16
14
13
16
13
14
19
13
13
14
13
12
13
15
17
16
13
13
13
15
19
14
11
13
16
15
15
13
15
12
12
13
15
15
17
21
14
14
13
18
