32
35
33
32
37
33
29
37
30
27
40
31
32
29
31
32
34
30
28
29
37
30
33
37
28
33
34
33
42
33
35
34
41
42
38
37
35
32
40
40
32
32
36
30
29
39
38
34
32
29
33
29
33
37
33
37
33
34
42
37
31
35
37
31
39
32
38
30
34
37
33
35
29
32
36
39
43
33
34
35
34
31
38
29
31
33
38
31
30
29
46
35
38
34
30
36
40
32
31
31
31
38
36
33
31
35
35
31
29
29
37
28
34
29
36
40
30
33
33
37
33
37
32
33
32
32
31
32
33
41
31
38
31
39
35
32
32
35
33
34
36
29
33
34
42
32
33
31
32
35
37
37
27
33
42
38
28
34
30
30
36
30
34
37
32
34
41
34
28
42
32
30
30
35
36
35
34
34
37
29
29
37
34
31
35
37
41
34
42
31
35
29
31
31
34
34
34
31
33
36
