12
13
11
14
11
11
11
12
11
12
11
13
12
12
13
18
10
12
12
13
10
10
11
12
11
13
11
10
11
11
12
12
15
11
12
12
12
13
10
11
15
11
11
10
12
12
11
10
12
12
11
11
12
12
11
10
11
11
16
13
9
10
11
12
10
16
13
16
12
13
13
13
11
10
10
11
11
15
14
13
12
11
12
12
12
12
12
12
11
11
12
15
11
14
10
12
10
11
12
13
11
11
10
10
9
11
10
12
11
10
12
14
11
11
11
11
10
11
12
11
11
12
13
11
12
12
9
10
10
12
12
12
11
11
13
12
11
11
13
13
12
12
10
9
12
11
9
10
12
15
13
11
14
13
10
11
11
13
12
11
12
12
10
11
12
11
11
13
14
10
12
11
10
11
12
13
9
10
13
12
11
11
11
11
10
9
10
11
12
11
16
12
11
11
9
11
11
9
13
11
