31
31
37
36
32
37
32
30
39
38
30
30
34
31
33
46
44
35
42
41
34
43
42
35
45
38
41
31
29
31
34
33
29
43
34
36
37
34
40
33
33
34
35
34
41
32
36
39
31
32
31
36
35
31
31
30
30
34
47
47
28
31
37
41
34
35
29
42
32
32
31
40
32
37
41
29
33
31
41
39
36
32
41
32
34
32
38
35
32
34
36
30
31
31
29
33
38
33
39
39
36
29
32
31
30
32
30
29
31
30
37
35
41
27
39
30
35
29
42
36
35
36
36
35
31
29
31
31
38
33
35
29
37
37
37
35
39
37
32
32
35
35
31
32
33
35
31
34
32
33
30
29
29
32
31
34
31
37
34
33
31
34
32
29
32
35
33
31
38
32
35
34
37
31
31
37
33
35
41
37
33
34
41
33
37
35
30
36
30
39
29
33
47
31
32
30
35
33
32
35
