61
55
51
51
59
56
50
56
52
50
51
61
64
54
57
66
60
56
47
48
60
50
53
50
52
51
49
59
60
60
48
53
55
48
49
52
56
56
52
50
53
48
53
56
53
60
55
53
52
61
54
64
54
48
54
52
63
51
48
55
60
46
58
51
55
57
61
55
54
62
56
61
58
53
51
48
60
53
70
56
56
60
54
54
65
54
70
60
54
55
54
56
55
64
56
57
64
52
59
54
62
53
62
52
56
53
64
54
52
53
52
48
57
55
54
63
50
50
52
52
58
56
54
50
54
56
52
66
51
51
51
52
48
56
63
55
56
63
48
52
62
50
56
59
61
63
61
52
59
54
53
52
49
55
75
53
49
48
66
55
57
50
50
48
56
61
52
63
51
46
53
61
49
56
52
47
58
56
51
54
48
73
62
66
50
53
59
57
59
51
52
52
52
50
47
54
53
56
48
53
