39
36
31
33
36
33
35
35
31
35
36
36
31
34
35
39
32
33
31
32
35
36
42
38
36
36
36
33
29
33
29
35
37
32
42
34
35
36
33
33
38
34
31
31
32
29
32
32
35
32
34
33
35
35
45
32
34
38
39
38
35
37
35
36
33
34
29
36
40
37
38
33
37
34
46
34
35
38
30
37
31
32
37
34
35
36
39
41
35
33
32
32
37
36
35
30
31
32
37
44
31
35
35
33
34
35
39
30
33
35
31
33
34
30
35
31
36
33
44
37
34
37
33
35
51
34
38
31
34
38
38
34
31
34
36
35
35
35
33
34
30
37
31
31
32
37
39
33
36
37
36
38
33
30
31
31
34
31
33
38
33
35
35
40
41
34
40
32
40
35
31
36
32
31
37
39
33
37
33
32
41
35
28
33
33
31
34
33
34
40
31
34
36
35
31
34
38
35
33
28
