43
33
32
30
36
33
34
32
31
34
32
32
29
33
38
37
31
39
38
36
37
28
36
35
29
39
29
37
28
34
33
33
29
31
37
33
36
33
35
35
40
35
33
38
30
41
34
34
36
32
40
43
32
32
33
31
39
31
28
31
32
32
34
33
35
48
33
28
33
35
30
40
36
31
35
33
33
35
29
30
40
35
34
32
34
34
33
30
29
33
32
31
33
32
35
35
35
37
45
40
28
34
36
29
28
30
31
34
36
29
33
33
33
33
34
33
30
36
36
27
30
30
28
34
33
33
36
32
42
44
40
36
33
33
33
32
34
35
37
32
34
35
33
48
36
33
33
30
33
41
36
33
36
29
47
32
28
36
31
41
28
34
31
33
30
36
35
35
31
39
28
36
35
33
37
38
30
35
29
43
32
34
35
33
33
36
33
34
33
27
32
36
37
40
33
39
30
37
35
29
