28
36
29
31
34
28
30
35
33
35
31
33
32
34
31
27
37
36
35
35
32
31
35
29
33
35
33
29
30
36
40
28
38
40
34
30
33
29
36
34
37
31
33
29
37
33
32
30
36
44
32
33
33
33
28
31
33
30
35
28
29
26
39
33
35
36
32
33
29
37
35
32
32
32
30
30
41
32
35
38
32
42
32
31
29
42
29
35
35
29
29
31
28
29
36
36
29
36
34
31
33
32
35
36
36
36
30
35
28
35
34
31
30
36
30
33
31
32
35
31
32
32
35
36
31
33
33
33
33
29
31
34
37
30
32
34
29
31
36
35
31
32
34
29
28
30
33
28
35
29
34
31
33
39
29
29
32
35
30
31
31
34
41
29
30
30
35
31
31
32
31
34
30
32
29
38
31
31
39
27
32
36
31
36
37
30
30
43
31
28
29
29
39
33
32
34
30
35
29
32
