113
98
116
117
126
137
104
117
141
149
92
95
104
120
89
115
114
114
97
111
100
114
127
93
93
107
115
87
100
116
108
105
151
127
96
105
100
118
96
101
152
124
133
91
93
106
99
97
89
115
102
98
120
106
107
97
96
100
94
98
93
135
104
98
94
99
95
103
107
109
106
95
104
100
111
119
87
103
104
105
135
102
98
111
91
92
101
95
100
86
83
93
96
133
104
95
102
106
107
128
87
130
96
96
105
102
120
105
115
100
102
94
115
99
109
101
100
106
103
93
80
101
97
108
96
86
102
96
112
116
105
103
108
93
91
99
105
110
142
107
113
84
102
108
101
139
96
100
91
117
95
92
90
84
96
96
124
101
110
118
117
137
97
106
98
91
86
113
99
117
98
99
90
85
103
109
103
130
110
91
95
101
103
100
94
101
97
99
84
140
103
118
95
95
91
97
107
101
116
93
