264
265
261
262
259
258
251
253
243
252
248
252
260
265
247
259
252
265
256
255
255
275
265
242
262
253
257
265
255
253
255
248
254
250
249
269
250
249
235
252
252
278
243
238
261
242
249
301
272
249
261
250
249
253
258
257
250
248
270
269
255
287
249
257
267
251
245
253
255
254
258
242
263
267
246
248
257
261
250
287
245
256
268
263
249
266
278
246
254
271
266
268
257
263
259
243
255
246
243
256
267
258
257
267
262
272
243
269
258
245
282
287
261
292
255
247
269
268
272
276
273
248
260
257
248
244
267
252
272
250
257
252
247
268
259
236
271
246
247
243
273
256
249
266
278
262
257
250
268
253
258
252
250
248
246
253
249
247
262
253
260
251
273
248
248
258
261
261
269
259
246
245
273
290
260
258
265
252
242
256
286
247
266
252
307
255
244
260
265
270
265
274
275
257
257
293
259
258
272
266
