12
11
13
14
13
12
21
12
13
13
15
14
15
14
16
13
14
12
13
19
13
13
16
15
13
14
20
12
15
15
15
16
13
15
13
13
18
14
12
15
16
15
16
15
12
15
15
13
13
13
15
15
17
15
14
17
17
13
13
15
16
16
17
16
16
12
15
12
15
13
15
12
14
14
13
16
11
15
16
12
14
14
16
12
14
16
12
14
12
16
12
15
14
13
15
15
18
13
15
13
15
11
15
14
19
18
12
14
15
14
10
20
13
14
13
13
12
14
12
14
16
14
14
14
15
16
13
16
14
13
15
13
14
16
15
16
14
17
13
17
14
15
11
12
14
15
13
13
14
12
17
14
13
18
19
16
15
12
14
14
16
16
13
13
15
14
14
14
12
20
12
14
12
13
13
15
15
15
14
16
13
16
17
15
14
17
14
12
12
13
16
12
14
15
15
13
14
13
14
13
