13
17
13
13
10
15
14
11
11
12
11
11
12
13
11
15
13
18
16
12
11
11
11
10
12
11
12
13
14
15
12
14
12
10
13
12
13
12
11
16
11
12
12
11
10
12
12
11
17
14
11
12
13
14
11
12
12
18
13
10
11
13
12
14
12
12
12
10
11
13
11
11
14
12
10
11
15
11
13
10
11
10
12
14
16
11
17
10
16
13
11
11
13
11
13
13
12
15
10
11
12
15
12
12
12
13
12
11
9
13
12
13
14
13
13
13
10
13
11
11
11
12
13
12
12
11
12
17
16
13
12
13
12
13
13
12
12
13
12
18
12
11
17
11
12
13
12
14
12
12
12
13
11
11
13
12
12
13
11
12
13
11
12
14
11
11
13
11
11
10
15
13
11
12
9
12
11
12
11
8
11
11
15
11
15
11
13
11
13
14
13
10
12
13
12
12
11
12
14
14
