49
47
51
46
49
47
52
47
45
51
49
46
39
48
47
49
46
40
43
45
44
46
46
43
50
49
48
44
45
46
48
45
47
52
48
44
47
58
47
43
44
47
45
52
42
49
44
47
44
42
53
48
51
54
47
42
48
52
50
51
58
48
52
52
53
44
44
40
44
48
54
51
50
44
46
45
48
50
41
43
45
47
40
43
46
41
50
47
47
52
41
52
50
44
49
45
43
45
58
49
44
43
49
50
44
44
46
48
48
46
46
42
51
43
41
47
43
45
51
45
48
48
45
45
48
53
46
51
52
41
43
44
47
54
42
45
56
53
43
45
52
41
46
44
41
51
51
55
46
43
45
44
48
47
47
46
49
49
49
50
43
52
50
49
49
43
52
44
49
48
45
47
45
46
47
51
48
43
45
42
40
45
47
44
47
45
46
45
45
50
44
47
44
45
52
51
49
44
46
46
