129
92
105
128
92
97
111
89
97
113
101
127
99
105
107
90
92
97
107
95
87
107
110
86
100
103
97
117
95
96
98
88
129
112
102
104
97
103
105
105
87
96
113
120
112
105
119
100
115
107
90
101
109
127
87
110
89
100
86
101
122
100
128
121
98
96
96
105
94
105
89
103
104
116
99
125
90
88
104
94
112
102
88
94
92
103
102
96
104
103
96
106
112
97
107
111
106
118
92
89
102
104
94
99
90
104
92
105
101
109
88
96
88
87
113
86
95
101
109
111
116
110
112
105
99
108
98
125
95
99
120
87
106
111
106
114
114
127
100
121
107
91
106
110
101
110
88
90
96
86
98
114
116
89
113
126
98
96
113
122
93
129
101
100
109
99
91
111
94
95
100
105
101
91
116
113
101
105
119
109
92
106
89
108
121
97
102
90
105
109
106
93
106
115
93
91
105
87
107
103
