37
38
35
38
39
36
49
37
45
45
38
39
42
45
46
44
36
44
39
40
44
43
45
42
42
45
46
44
40
44
44
51
42
43
39
45
40
37
45
42
50
41
34
36
44
37
39
38
43
38
36
34
41
42
38
39
42
43
35
46
42
34
43
36
42
40
35
44
38
43
36
46
45
40
52
44
39
41
39
45
37
40
43
41
37
41
40
37
44
40
39
35
49
38
36
38
47
41
44
44
45
40
41
53
43
36
37
44
40
44
50
39
46
46
38
38
46
46
37
42
41
38
37
40
53
43
41
40
37
39
39
48
40
40
52
39
37
38
45
39
38
43
40
50
47
46
42
43
35
36
46
40
38
42
37
42
38
42
38
41
37
37
45
40
37
42
40
40
35
42
43
45
45
42
46
42
42
43
41
38
37
49
40
38
44
41
42
37
45
56
39
37
48
36
40
39
40
39
40
38
