135
152
129
150
155
137
140
146
135
134
138
141
126
152
123
140
122
141
130
144
155
125
138
141
140
126
144
163
128
148
135
130
133
145
137
144
163
133
145
127
135
153
135
153
144
139
144
135
138
137
153
139
138
128
140
153
129
131
130
130
151
142
124
134
135
150
130
137
153
130
129
133
134
124
137
152
137
121
143
147
136
177
132
139
137
166
136
134
133
142
128
140
159
189
148
130
131
148
151
148
146
144
133
142
147
139
131
137
157
128
140
125
131
141
133
125
150
133
157
134
160
148
144
131
151
127
133
135
136
125
143
144
136
150
130
145
132
148
135
133
155
149
130
139
132
124
161
136
141
129
138
125
147
131
138
140
130
129
147
137
140
135
136
136
132
144
128
134
139
137
150
139
137
143
144
136
138
141
146
159
148
133
145
142
134
130
145
137
125
141
143
139
139
127
135
142
130
118
139
154
