27
22
21
29
23
29
22
21
30
25
23
28
25
30
25
24
23
24
23
30
23
24
28
22
24
23
23
26
28
23
25
24
23
22
25
24
23
23
28
28
34
23
26
29
28
23
31
24
27
25
24
22
27
21
25
28
20
26
27
32
27
25
21
25
24
26
25
30
30
29
29
26
27
25
22
31
30
32
25
28
21
23
25
26
28
23
24
24
23
26
29
29
23
26
26
26
31
29
25
25
31
24
23
22
24
24
26
22
35
27
26
24
24
31
24
29
28
23
29
25
25
21
24
22
29
26
28
28
28
26
23
25
24
22
24
32
27
30
24
22
26
24
30
27
28
23
21
21
24
30
25
27
23
29
26
27
26
26
21
33
25
24
24
25
22
21
28
25
28
28
23
22
26
24
30
21
26
30
26
28
31
24
24
23
23
23
23
28
23
20
25
31
24
27
21
22
24
30
30
23
