9
10
10
10
8
10
9
10
9
9
10
10
9
9
8
11
9
10
10
10
8
10
14
13
10
9
9
10
9
9
8
9
10
10
11
11
10
12
10
10
8
10
11
10
9
9
11
10
8
12
13
9
12
10
10
9
10
9
11
11
10
9
9
9
9
9
10
10
9
10
9
10
9
10
9
9
11
9
9
9
10
13
11
8
9
12
10
10
11
10
11
13
9
10
9
10
10
9
10
9
10
10
9
14
11
8
9
10
9
11
10
9
9
11
10
10
10
9
13
9
10
9
9
12
10
10
10
8
16
7
10
10
8
10
13
12
11
10
8
11
11
10
10
11
11
9
9
9
10
9
10
8
9
12
8
11
11
10
13
14
9
10
9
10
10
17
9
13
9
12
10
10
8
10
12
10
11
11
9
9
9
8
10
9
10
10
8
10
10
10
9
9
11
9
10
9
9
10
10
10
