13
17
12
14
18
14
19
17
15
15
14
17
14
14
16
18
13
13
16
13
14
13
15
16
15
17
14
14
21
14
14
13
15
15
12
19
15
14
14
17
18
13
17
17
13
20
19
14
14
14
13
19
15
13
14
16
17
14
14
13
15
18
16
16
19
15
14
15
20
14
15
23
16
17
13
14
17
13
18
13
16
14
18
15
19
16
14
14
15
13
13
14
16
17
14
17
16
16
13
15
20
16
21
16
15
15
14
17
15
21
15
12
15
21
16
20
16
17
14
11
16
14
17
14
14
14
15
14
13
13
15
17
15
14
16
13
13
13
16
16
15
16
15
17
15
14
12
12
14
18
15
15
14
17
14
15
15
14
19
15
13
13
14
17
18
12
15
16
18
17
14
14
21
12
15
16
19
17
14
15
18
16
17
16
17
15
18
14
16
14
14
14
13
14
20
16
16
16
16
16
