4.00999
4.00999
7.00999
5.00999
5.00999
5.00999
5.00999
7.00999
8.00999
6.00999
4.00999
4.00999
5.00999
5.00999
5.00999
4.00999
4.00999
4.00999
4.00999
4.00999
4.00999
5.00999
5.00999
6.00999
5.00999
5.00999
5.00999
5.00999
5.00999
5.00999
4.00999
5.00999
5.00999
5.00999
6.00999
4.00999
10.01
5.00999
5.00999
4.00999
7.00999
4.00999
3.00999
6.00999
4.00999
7.00999
5.00999
7.00999
6.00999
5.00999
5.00999
6.00999
5.00999
4.00999
5.00999
7.00999
5.00999
6.00999
5.00999
6.00999
5.00999
5.00999
7.00999
5.00999
5.00999
5.00999
5.00999
6.00999
4.00999
6.00999
4.00999
6.00999
5.00999
6.00999
5.00999
4.00999
4.00999
5.00999
4.00999
5.00999
5.00999
5.00999
6.00999
6.00999
5.00999
4.00999
5.00999
5.00999
4.00999
6.00999
7.00999
8.00999
5.00999
4.00999
4.00999
6.00999
8.00999
4.00999
6.00999
8.00999
8.00999
5.00999
6.00999
5.00999
4.00999
4.00999
5.00999
5.00999
6.00999
4.00999
5.00999
4.00999
5.00999
5.00999
4.00999
7.00999
5.00999
5.00999
4.00999
7.00999
5.00999
5.00999
4.00999
5.00999
4.00999
5.00999
7.00999
5.00999
5.00999
5.00999
5.00999
5.00999
5.00999
5.00999
5.00999
5.00999
7.00999
6.00999
5.00999
4.00999
5.00999
6.00999
5.00999
6.00999
6.00999
4.00999
7.00999
5.00999
8.00999
6.00999
4.00999
5.00999
5.00999
5.00999
5.00999
6.00999
4.00999
7.00999
7.00999
6.00999
4.00999
9.00999
5.00999
5.00999
5.00999
6.00999
5.00999
5.00999
4.00999
4.00999
4.00999
5.00999
5.00999
6.00999
6.00999
5.00999
4.00999
7.00999
9.00999
5.00999
5.00999
6.00999
4.00999
5.00999
5.00999
4.00999
5.00999
6.00999
4.00999
5.00999
5.00999
5.00999
7.00999
7.00999
6.00999
5.00999
6.00999
7.00999
5.00999
5.00999
