11.999
7.99902
7.99902
8.99902
9.99902
9.99902
10.999
10.999
8.99902
6.99902
8.99902
8.99902
7.99902
10.999
9.99902
8.99902
7.99902
12.999
7.99902
6.99902
7.99902
10.999
8.99902
7.99902
10.999
9.99902
8.99902
7.99902
8.99902
9.99902
12.999
7.99902
9.99902
8.99902
9.99902
8.99902
8.99902
6.99902
9.99902
9.99902
5.99902
9.99902
10.999
7.99902
8.99902
8.99902
8.99902
9.99902
10.999
7.99902
8.99902
10.999
7.99902
8.99902
8.99902
11.999
7.99902
8.99902
6.99902
10.999
8.99902
10.999
8.99902
13.999
8.99902
10.999
7.99902
15.999
8.99902
8.99902
8.99902
10.999
7.99902
10.999
9.99902
5.99902
7.99902
14.999
9.99902
9.99902
8.99902
10.999
8.99902
6.99902
7.99902
8.99902
8.99902
10.999
11.999
12.999
6.99902
8.99902
10.999
9.99902
8.99902
10.999
11.999
7.99902
7.99902
10.999
11.999
9.99902
9.99902
9.99902
10.999
7.99902
11.999
9.99902
6.99902
8.99902
9.99902
8.99902
7.99902
10.999
8.99902
8.99902
7.99902
8.99902
14.999
9.99902
12.999
10.999
12.999
7.99902
7.99902
11.999
8.99902
9.99902
9.99902
9.99902
8.99902
8.99902
7.99902
9.99902
12.999
8.99902
6.99902
10.999
9.99902
7.99902
8.99902
9.99902
9.99902
7.99902
11.999
9.99902
15.999
8.99902
9.99902
9.99902
10.999
13.999
8.99902
8.99902
6.99902
8.99902
6.99902
10.999
9.99902
7.99902
9.99902
8.99902
8.99902
8.99902
8.99902
9.99902
9.99902
8.99902
8.99902
13.999
7.99902
10.999
8.99902
7.99902
8.99902
8.99902
7.99902
10.999
9.99902
10.999
8.99902
9.99902
8.99902
9.99902
10.999
15.999
8.99902
9.99902
11.999
10.999
9.99902
8.99902
15.999
8.99902
8.99902
11.999
7.99902
18.999
7.99902
8.99902
