5.001
4.001
4.001
4.001
4.001
3.001
4.001
4.001
3.001
3.001
3.001
3.001
5.001
4.001
3.001
4.001
4.001
3.001
4.001
5.001
4.001
4.001
4.001
5.001
4.001
5.001
4.001
5.001
4.001
3.001
3.001
5.001
4.001
3.001
4.001
4.001
4.001
3.001
3.001
4.001
5.001
4.001
4.001
4.001
4.001
4.001
3.001
3.001
4.001
3.001
5.001
4.001
4.001
4.001
4.001
4.001
3.001
4.001
4.001
5.001
5.001
4.001
5.001
3.001
4.001
4.001
5.001
4.001
4.001
5.001
4.001
4.001
3.001
4.001
3.001
3.001
4.001
4.001
4.001
3.001
4.001
4.001
4.001
3.001
3.001
4.001
4.001
5.001
4.001
4.001
5.001
3.001
4.001
4.001
4.001
3.001
4.001
4.001
5.001
5.001
3.001
3.001
4.001
3.001
4.001
3.001
5.001
4.001
4.001
3.001
3.001
3.001
4.001
3.001
4.001
4.001
4.001
4.001
4.001
3.001
5.001
4.001
5.001
4.001
6.001
3.001
4.001
3.001
3.001
3.001
4.001
3.001
4.001
4.001
4.001
4.001
3.001
4.001
3.001
4.001
4.001
4.001
4.001
5.001
3.001
5.001
4.001
4.001
3.001
4.001
3.001
4.001
6.001
4.001
5.001
4.001
5.001
4.001
3.001
6.001
4.001
4.001
4.001
4.001
4.001
5.001
3.001
3.001
4.001
4.001
5.001
3.001
5.001
4.001
3.001
4.001
3.001
4.001
4.001
3.001
4.001
5.001
4.001
4.001
4.001
3.001
5.001
3.001
4.001
4.001
4.001
3.001
4.001
4.001
4.001
4.001
4.001
3.001
3.001
4.001
