5.99902
6.99902
3.99902
4.99902
3.99902
4.99902
4.99902
4.99902
4.99902
4.99902
5.99902
4.99902
4.99902
6.99902
3.99902
4.99902
5.99902
5.99902
4.99902
5.99902
4.99902
5.99902
4.99902
4.99902
3.99902
4.99902
4.99902
4.99902
5.99902
4.99902
6.99902
4.99902
4.99902
4.99902
3.99902
4.99902
4.99902
4.99902
3.99902
4.99902
3.99902
5.99902
4.99902
5.99902
4.99902
5.99902
6.99902
4.99902
4.99902
4.99902
4.99902
4.99902
3.99902
5.99902
3.99902
5.99902
4.99902
4.99902
6.99902
5.99902
6.99902
6.99902
5.99902
3.99902
3.99902
4.99902
6.99902
5.99902
4.99902
4.99902
7.99902
3.99902
6.99902
6.99902
4.99902
3.99902
6.99902
3.99902
5.99902
5.99902
5.99902
3.99902
5.99902
5.99902
3.99902
4.99902
5.99902
4.99902
4.99902
4.99902
3.99902
5.99902
5.99902
3.99902
5.99902
6.99902
6.99902
3.99902
4.99902
5.99902
4.99902
4.99902
3.99902
4.99902
4.99902
4.99902
4.99902
3.99902
8.99902
5.99902
2.99902
3.99902
3.99902
5.99902
4.99902
6.99902
4.99902
3.99902
4.99902
3.99902
4.99902
5.99902
4.99902
4.99902
4.99902
3.99902
4.99902
4.99902
3.99902
4.99902
3.99902
4.99902
4.99902
3.99902
6.99902
5.99902
3.99902
5.99902
9.99902
5.99902
6.99902
4.99902
3.99902
4.99902
3.99902
7.99902
4.99902
6.99902
4.99902
3.99902
3.99902
4.99902
4.99902
4.99902
4.99902
4.99902
4.99902
5.99902
5.99902
3.99902
3.99902
3.99902
5.99902
4.99902
3.99902
4.99902
3.99902
4.99902
3.99902
3.99902
5.99902
5.99902
3.99902
3.99902
5.99902
4.99902
3.99902
5.99902
4.99902
4.99902
4.99902
4.99902
4.99902
4.99902
4.99902
4.99902
6.99902
5.99902
4.99902
3.99902
4.99902
5.99902
4.99902
4.99902
4.99902
4.99902
5.99902
4.99902
5.99902
6.99902
