7.0999
11.0999
9.0999
14.0999
8.0999
9.0999
9.0999
8.0999
10.0999
8.0999
11.0999
14.0999
9.0999
8.0999
9.0999
10.0999
10.0999
14.0999
10.0999
8.0999
7.0999
15.0999
9.0999
15.0999
10.0999
7.0999
9.0999
9.0999
8.0999
8.0999
7.0999
10.0999
9.0999
7.0999
11.0999
8.0999
9.0999
9.0999
10.0999
9.0999
14.0999
10.0999
7.0999
8.0999
10.0999
9.0999
9.0999
8.0999
10.0999
8.0999
9.0999
11.0999
7.0999
8.0999
9.0999
12.0999
12.0999
10.0999
8.0999
14.0999
7.0999
8.0999
11.0999
9.0999
9.0999
9.0999
12.0999
9.0999
11.0999
8.0999
9.0999
10.0999
7.0999
7.0999
12.0999
8.0999
10.0999
9.0999
10.0999
9.0999
9.0999
10.0999
9.0999
8.0999
9.0999
9.0999
10.0999
8.0999
10.0999
10.0999
10.0999
11.0999
12.0999
7.0999
11.0999
11.0999
9.0999
9.0999
9.0999
9.0999
11.0999
12.0999
12.0999
16.0999
7.0999
9.0999
10.0999
8.0999
9.0999
12.0999
9.0999
9.0999
11.0999
9.0999
10.0999
10.0999
8.0999
8.0999
11.0999
7.0999
7.0999
11.0999
13.0999
10.0999
9.0999
10.0999
9.0999
9.0999
9.0999
13.0999
8.0999
9.0999
10.0999
10.0999
9.0999
10.0999
13.0999
9.0999
9.0999
11.0999
8.0999
11.0999
11.0999
9.0999
9.0999
12.0999
9.0999
9.0999
8.0999
9.0999
8.0999
9.0999
8.0999
8.0999
9.0999
8.0999
10.0999
11.0999
11.0999
13.0999
13.0999
16.0999
13.0999
10.0999
10.0999
10.0999
13.0999
11.0999
7.0999
9.0999
8.0999
8.0999
11.0999
8.0999
13.0999
9.0999
12.0999
10.0999
8.0999
10.0999
12.0999
8.0999
13.0999
14.0999
9.0999
8.0999
11.0999
9.0999
12.0999
9.0999
9.0999
11.0999
8.0999
9.0999
9.0999
7.0999
9.0999
8.0999
9.0999
10.0999
