4.0999
6.0999
4.0999
5.0999
8.0999
5.0999
5.0999
5.0999
5.0999
6.0999
7.0999
4.0999
6.0999
5.0999
5.0999
5.0999
5.0999
8.0999
9.0999
4.0999
4.0999
5.0999
7.0999
4.0999
5.0999
5.0999
4.0999
5.0999
5.0999
4.0999
4.0999
6.0999
9.0999
4.0999
6.0999
5.0999
5.0999
6.0999
5.0999
7.0999
5.0999
5.0999
4.0999
6.0999
4.0999
5.0999
4.0999
4.0999
5.0999
5.0999
4.0999
6.0999
5.0999
6.0999
5.0999
4.0999
4.0999
5.0999
4.0999
6.0999
4.0999
5.0999
4.0999
6.0999
4.0999
4.0999
5.0999
5.0999
5.0999
5.0999
6.0999
5.0999
5.0999
4.0999
4.0999
5.0999
5.0999
5.0999
7.0999
5.0999
5.0999
7.0999
5.0999
4.0999
5.0999
7.0999
5.0999
6.0999
6.0999
7.0999
7.0999
5.0999
7.0999
5.0999
4.0999
5.0999
5.0999
4.0999
7.0999
7.0999
6.0999
4.0999
6.0999
4.0999
4.0999
5.0999
4.0999
4.0999
6.0999
7.0999
5.0999
5.0999
8.0999
8.0999
6.0999
6.0999
4.0999
6.0999
6.0999
4.0999
4.0999
6.0999
5.0999
5.0999
5.0999
6.0999
6.0999
4.0999
5.0999
4.0999
6.0999
5.0999
6.0999
4.0999
6.0999
5.0999
4.0999
5.0999
5.0999
5.0999
5.0999
5.0999
4.0999
5.0999
4.0999
4.0999
6.0999
5.0999
7.0999
4.0999
6.0999
5.0999
4.0999
5.0999
5.0999
5.0999
6.0999
5.0999
5.0999
4.0999
6.0999
4.0999
6.0999
5.0999
7.0999
6.0999
5.0999
5.0999
5.0999
5.0999
5.0999
7.0999
4.0999
5.0999
6.0999
4.0999
4.0999
8.0999
5.0999
6.0999
5.0999
5.0999
6.0999
5.0999
8.0999
5.0999
5.0999
6.0999
5.0999
5.0999
4.0999
6.0999
7.0999
6.0999
6.0999
5.0999
7.0999
4.0999
4.0999
4.0999
