10.01
6.00999
8.00999
10.01
8.00999
7.00999
9.00999
8.00999
7.00999
7.00999
7.00999
7.00999
10.01
7.00999
9.00999
7.00999
10.01
7.00999
7.00999
9.00999
6.00999
7.00999
6.00999
6.00999
9.00999
9.00999
6.00999
8.00999
7.00999
7.00999
8.00999
9.00999
8.00999
8.00999
6.00999
8.00999
8.00999
8.00999
8.00999
7.00999
8.00999
9.00999
8.00999
8.00999
8.00999
8.00999
8.00999
7.00999
7.00999
8.00999
7.00999
6.00999
9.00999
8.00999
8.00999
9.00999
7.00999
7.00999
8.00999
10.01
7.00999
8.00999
11.01
7.00999
10.01
11.01
7.00999
8.00999
11.01
10.01
8.00999
10.01
8.00999
8.00999
7.00999
9.00999
9.00999
8.00999
7.00999
8.00999
8.00999
7.00999
8.00999
10.01
6.00999
6.00999
10.01
8.00999
8.00999
8.00999
7.00999
10.01
8.00999
7.00999
8.00999
10.01
9.00999
8.00999
9.00999
8.00999
10.01
8.00999
8.00999
10.01
9.00999
7.00999
6.00999
7.00999
8.00999
7.00999
7.00999
6.00999
7.00999
7.00999
6.00999
8.00999
8.00999
9.00999
7.00999
8.00999
10.01
7.00999
8.00999
8.00999
7.00999
8.00999
7.00999
10.01
9.00999
9.00999
7.00999
6.00999
7.00999
8.00999
7.00999
8.00999
9.00999
8.00999
8.00999
7.00999
9.00999
7.00999
7.00999
7.00999
8.00999
8.00999
8.00999
7.00999
9.00999
7.00999
8.00999
9.00999
7.00999
7.00999
7.00999
7.00999
8.00999
8.00999
8.00999
8.00999
10.01
6.00999
6.00999
8.00999
10.01
9.00999
10.01
7.00999
7.00999
7.00999
8.00999
7.00999
6.00999
8.00999
6.00999
8.00999
8.00999
8.00999
7.00999
10.01
11.01
8.00999
7.00999
7.00999
8.00999
10.01
9.00999
9.00999
8.00999
10.01
9.00999
9.00999
9.00999
9.00999
7.00999
7.00999
7.00999
8.00999
10.01
6.00999
