4.77774
4.77774
6.77774
5.77774
5.77774
8.77774
6.77774
5.77774
5.77774
6.77774
5.77774
6.77774
5.77774
5.77774
4.77774
5.77774
4.77774
5.77774
4.77774
4.77774
4.77774
5.77774
4.77774
6.77774
5.77774
5.77774
8.77774
5.77774
5.77774
5.77774
7.77774
4.77774
5.77774
6.77774
5.77774
6.77774
5.77774
4.77774
6.77774
4.77774
5.77774
4.77774
6.77774
5.77774
4.77774
5.77774
4.77774
5.77774
5.77774
5.77774
5.77774
4.77774
6.77774
6.77774
6.77774
4.77774
5.77774
6.77774
7.77774
8.77774
5.77774
4.77774
6.77774
5.77774
5.77774
4.77774
4.77774
4.77774
4.77774
5.77774
6.77774
4.77774
6.77774
5.77774
5.77774
5.77774
5.77774
5.77774
6.77774
4.77774
5.77774
7.77774
4.77774
5.77774
4.77774
4.77774
5.77774
4.77774
4.77774
6.77774
7.77774
5.77774
5.77774
5.77774
5.77774
7.77774
5.77774
5.77774
5.77774
5.77774
5.77774
4.77774
4.77774
5.77774
7.77774
7.77774
8.77774
8.77774
4.77774
4.77774
6.77774
4.77774
6.77774
6.77774
5.77774
5.77774
4.77774
5.77774
8.77774
4.77774
7.77774
5.77774
5.77774
6.77774
5.77774
4.77774
5.77774
4.77774
5.77774
7.77774
5.77774
5.77774
5.77774
7.77774
7.77774
6.77774
5.77774
6.77774
4.77774
5.77774
5.77774
6.77774
5.77774
4.77774
6.77774
5.77774
4.77774
4.77774
5.77774
5.77774
4.77774
4.77774
4.77774
5.77774
4.77774
6.77774
5.77774
5.77774
5.77774
6.77774
5.77774
5.77774
6.77774
5.77774
6.77774
5.77774
6.77774
5.77774
5.77774
5.77774
6.77774
7.77774
6.77774
4.77774
4.77774
5.77774
5.77774
6.77774
4.77774
4.77774
5.77774
8.77774
4.77774
5.77774
4.77774
5.77774
4.77774
4.77774
5.77774
4.77774
4.77774
5.77774
6.77774
6.77774
4.77774
5.77774
6.77774
6.77774
6.77774
5.77774
