11.6778
8.67777
13.6778
13.6778
10.6778
10.6778
11.6778
11.6778
12.6778
10.6778
10.6778
10.6778
11.6778
9.67777
9.67777
8.67777
8.67777
11.6778
10.6778
10.6778
9.67777
7.67777
10.6778
12.6778
10.6778
10.6778
9.67777
8.67777
10.6778
10.6778
12.6778
10.6778
11.6778
11.6778
10.6778
10.6778
9.67777
10.6778
10.6778
15.6778
9.67777
12.6778
10.6778
11.6778
8.67777
9.67777
9.67777
8.67777
12.6778
10.6778
10.6778
10.6778
9.67777
11.6778
13.6778
11.6778
11.6778
8.67777
9.67777
9.67777
10.6778
11.6778
10.6778
10.6778
9.67777
10.6778
12.6778
12.6778
12.6778
9.67777
8.67777
8.67777
11.6778
9.67777
9.67777
9.67777
10.6778
11.6778
8.67777
10.6778
12.6778
12.6778
11.6778
8.67777
8.67777
9.67777
10.6778
10.6778
9.67777
9.67777
9.67777
12.6778
12.6778
9.67777
10.6778
9.67777
13.6778
9.67777
12.6778
11.6778
9.67777
8.67777
9.67777
8.67777
12.6778
11.6778
12.6778
10.6778
10.6778
9.67777
9.67777
10.6778
11.6778
9.67777
12.6778
12.6778
15.6778
11.6778
10.6778
12.6778
10.6778
8.67777
15.6778
10.6778
10.6778
8.67777
11.6778
8.67777
8.67777
12.6778
7.67777
12.6778
9.67777
11.6778
11.6778
10.6778
8.67777
9.67777
9.67777
11.6778
9.67777
11.6778
10.6778
10.6778
10.6778
9.67777
10.6778
10.6778
9.67777
11.6778
8.67777
7.67777
7.67777
10.6778
10.6778
11.6778
10.6778
10.6778
10.6778
15.6778
10.6778
8.67777
11.6778
8.67777
9.67777
11.6778
12.6778
11.6778
9.67777
7.67777
9.67777
10.6778
9.67777
11.6778
11.6778
8.67777
9.67777
16.6778
11.6778
10.6778
9.67777
11.6778
11.6778
10.6778
11.6778
14.6778
7.67777
12.6778
8.67777
8.67777
11.6778
10.6778
9.67777
11.6778
7.67777
14.6778
9.67777
9.67777
9.67777
12.6778
