6.66778
6.66778
5.66778
5.66778
5.66778
7.66778
4.66778
5.66778
6.66778
5.66778
5.66778
6.66778
6.66778
6.66778
6.66778
7.66778
6.66778
6.66778
6.66778
7.66778
7.66778
5.66778
5.66778
6.66778
6.66778
6.66778
5.66778
5.66778
5.66778
6.66778
7.66778
6.66778
6.66778
6.66778
6.66778
8.66778
6.66778
6.66778
7.66778
6.66778
5.66778
6.66778
6.66778
5.66778
5.66778
6.66778
5.66778
7.66778
6.66778
5.66778
6.66778
8.66778
6.66778
7.66778
5.66778
5.66778
6.66778
5.66778
7.66778
6.66778
8.66778
5.66778
6.66778
6.66778
5.66778
5.66778
5.66778
5.66778
7.66778
10.6678
7.66778
5.66778
7.66778
5.66778
6.66778
6.66778
6.66778
5.66778
6.66778
5.66778
6.66778
5.66778
7.66778
4.66778
5.66778
5.66778
6.66778
6.66778
6.66778
6.66778
6.66778
7.66778
6.66778
6.66778
5.66778
4.66778
6.66778
5.66778
6.66778
5.66778
6.66778
6.66778
7.66778
6.66778
7.66778
5.66778
6.66778
5.66778
6.66778
6.66778
9.66778
6.66778
5.66778
5.66778
5.66778
5.66778
7.66778
5.66778
6.66778
6.66778
8.66778
6.66778
6.66778
5.66778
5.66778
5.66778
6.66778
8.66778
6.66778
5.66778
6.66778
6.66778
6.66778
6.66778
7.66778
6.66778
6.66778
6.66778
6.66778
9.66778
5.66778
5.66778
6.66778
5.66778
5.66778
5.66778
6.66778
5.66778
6.66778
6.66778
5.66778
4.66778
7.66778
5.66778
6.66778
5.66778
6.66778
6.66778
6.66778
6.66778
6.66778
5.66778
6.66778
6.66778
6.66778
6.66778
5.66778
5.66778
4.66778
5.66778
6.66778
5.66778
5.66778
7.66778
6.66778
5.66778
6.66778
5.66778
5.66778
6.66778
6.66778
5.66778
8.66778
6.66778
6.66778
6.66778
5.66778
7.66778
6.66778
5.66778
5.66778
6.66778
6.66778
5.66778
7.66778
7.66778
6.66778
6.66778
6.66778
6.66778
