4.67777
5.67777
5.67777
5.67777
5.67777
4.67777
6.67777
5.67777
4.67777
5.67777
4.67777
7.67777
5.67777
7.67777
5.67777
5.67777
4.67777
4.67777
6.67777
5.67777
5.67777
5.67777
5.67777
4.67777
4.67777
6.67777
5.67777
5.67777
4.67777
7.67777
5.67777
5.67777
7.67777
6.67777
4.67777
5.67777
7.67777
5.67777
6.67777
4.67777
6.67777
7.67777
5.67777
5.67777
5.67777
6.67777
5.67777
5.67777
4.67777
4.67777
5.67777
6.67777
7.67777
6.67777
6.67777
6.67777
5.67777
5.67777
4.67777
7.67777
4.67777
5.67777
5.67777
4.67777
6.67777
6.67777
6.67777
5.67777
5.67777
5.67777
6.67777
6.67777
4.67777
5.67777
4.67777
5.67777
6.67777
5.67777
5.67777
5.67777
5.67777
6.67777
5.67777
4.67777
6.67777
5.67777
5.67777
8.67777
4.67777
6.67777
6.67777
6.67777
5.67777
5.67777
6.67777
6.67777
6.67777
5.67777
5.67777
6.67777
5.67777
6.67777
7.67777
5.67777
5.67777
5.67777
6.67777
6.67777
5.67777
5.67777
5.67777
6.67777
5.67777
6.67777
5.67777
5.67777
4.67777
4.67777
6.67777
5.67777
5.67777
5.67777
6.67777
6.67777
5.67777
5.67777
6.67777
4.67777
5.67777
5.67777
7.67777
5.67777
5.67777
5.67777
4.67777
4.67777
6.67777
4.67777
5.67777
4.67777
5.67777
4.67777
5.67777
5.67777
7.67777
5.67777
4.67777
6.67777
5.67777
5.67777
5.67777
7.67777
5.67777
7.67777
5.67777
4.67777
5.67777
6.67777
6.67777
5.67777
6.67777
5.67777
5.67777
4.67777
5.67777
6.67777
4.67777
5.67777
6.67777
6.67777
6.67777
6.67777
4.67777
4.67777
5.67777
5.67777
5.67777
6.67777
7.67777
5.67777
6.67777
5.67777
4.67777
6.67777
7.67777
6.67777
4.67777
5.67777
6.67777
6.67777
5.67777
6.67777
5.67777
6.67777
7.67777
4.67777
5.67777
6.67777
4.67777
6.67777
