4.66778
5.66778
4.66778
5.66778
5.66778
4.66778
4.66778
5.66778
4.66778
4.66778
5.66778
4.66778
5.66778
5.66778
4.66778
4.66778
4.66778
5.66778
5.66778
4.66778
6.66778
5.66778
3.66778
6.66778
4.66778
5.66778
4.66778
4.66778
4.66778
4.66778
4.66778
4.66778
5.66778
4.66778
4.66778
6.66778
4.66778
4.66778
4.66778
4.66778
4.66778
4.66778
5.66778
4.66778
4.66778
4.66778
4.66778
4.66778
4.66778
5.66778
4.66778
5.66778
5.66778
5.66778
5.66778
4.66778
4.66778
6.66778
4.66778
5.66778
4.66778
4.66778
4.66778
5.66778
4.66778
5.66778
4.66778
5.66778
4.66778
5.66778
3.66778
5.66778
5.66778
5.66778
4.66778
5.66778
5.66778
4.66778
5.66778
5.66778
4.66778
4.66778
4.66778
3.66778
4.66778
4.66778
4.66778
6.66778
4.66778
4.66778
4.66778
6.66778
4.66778
4.66778
4.66778
4.66778
4.66778
4.66778
5.66778
4.66778
5.66778
5.66778
4.66778
4.66778
5.66778
4.66778
4.66778
4.66778
5.66778
4.66778
6.66778
4.66778
5.66778
6.66778
5.66778
3.66778
6.66778
3.66778
5.66778
4.66778
5.66778
4.66778
6.66778
4.66778
5.66778
5.66778
5.66778
6.66778
5.66778
5.66778
4.66778
5.66778
4.66778
5.66778
4.66778
4.66778
4.66778
4.66778
6.66778
3.66778
5.66778
4.66778
4.66778
5.66778
5.66778
4.66778
4.66778
7.66778
4.66778
4.66778
5.66778
4.66778
4.66778
6.66778
4.66778
4.66778
6.66778
4.66778
5.66778
5.66778
5.66778
4.66778
6.66778
4.66778
5.66778
4.66778
5.66778
4.66778
4.66778
5.66778
6.66778
5.66778
4.66778
4.66778
4.66778
6.66778
5.66778
5.66778
4.66778
4.66778
4.66778
4.66778
5.66778
4.66778
4.66778
4.66778
5.66778
4.66778
4.66778
4.66778
4.66778
5.66778
5.66778
4.66778
6.66778
6.66778
4.66778
5.66778
5.66778
5.66778
