16.7777
11.7777
8.77774
9.77774
10.7777
9.77774
10.7777
12.7777
9.77774
11.7777
10.7777
10.7777
13.7777
11.7777
10.7777
10.7777
9.77774
15.7777
9.77774
11.7777
9.77774
10.7777
9.77774
9.77774
9.77774
13.7777
9.77774
14.7777
10.7777
12.7777
11.7777
11.7777
13.7777
10.7777
13.7777
10.7777
16.7777
11.7777
9.77774
11.7777
10.7777
14.7777
15.7777
13.7777
9.77774
9.77774
8.77774
16.7777
10.7777
9.77774
10.7777
11.7777
8.77774
14.7777
9.77774
10.7777
9.77774
10.7777
12.7777
12.7777
14.7777
10.7777
10.7777
9.77774
12.7777
10.7777
10.7777
15.7777
10.7777
9.77774
9.77774
11.7777
10.7777
11.7777
9.77774
9.77774
8.77774
10.7777
10.7777
9.77774
10.7777
12.7777
10.7777
12.7777
10.7777
10.7777
12.7777
16.7777
8.77774
9.77774
9.77774
11.7777
11.7777
9.77774
13.7777
8.77774
8.77774
11.7777
8.77774
11.7777
9.77774
9.77774
10.7777
9.77774
11.7777
8.77774
10.7777
12.7777
13.7777
10.7777
10.7777
10.7777
8.77774
13.7777
9.77774
10.7777
9.77774
8.77774
12.7777
11.7777
15.7777
9.77774
11.7777
10.7777
12.7777
10.7777
13.7777
11.7777
10.7777
9.77774
10.7777
11.7777
8.77774
9.77774
13.7777
8.77774
12.7777
9.77774
12.7777
12.7777
8.77774
13.7777
13.7777
12.7777
10.7777
10.7777
9.77774
10.7777
13.7777
10.7777
11.7777
9.77774
9.77774
9.77774
9.77774
13.7777
9.77774
9.77774
10.7777
13.7777
9.77774
8.77774
9.77774
9.77774
10.7777
9.77774
8.77774
8.77774
18.7777
13.7777
10.7777
13.7777
12.7777
11.7777
13.7777
11.7777
13.7777
11.7777
10.7777
9.77774
10.7777
11.7777
9.77774
10.7777
7.77774
10.7777
11.7777
8.77774
10.7777
13.7777
11.7777
14.7777
9.77774
11.7777
9.77774
10.7777
10.7777
8.77774
10.7777
9.77774
