10847.4, 9169.63, 9178.71, 9227.42, 9619.51, 9599.97, 9596.05, 9852.11, 9742.98, 9059.26, 9071.61, 9421.78, 9668.26 
8628.3, 9735.26, 9395.06, 9204.4, 11287, 9472.91, 10544.2, 10487.2, 9155.48, 9813.47, 9063.37, 9548.2, 9289.28 
7358.25, 8466.25, 10142.5, 10095.4, 8898.32, 9071.47, 9930.55, 9951.08, 9742.98, 9400.6, 9916.6, 9724.81, 9789.84 
10528.4, 12185.1, 8644.99, 9227.42, 8916.12, 8672.59, 9115.3, 9407.06, 10140.4, 9495.04, 9137.81, 10308.8, 9390.43 
6595.27, 8723.46, 9087.52, 9970.1, 9466.95, 8921.64, 9664.79, 9027.1, 10117.9, 10193.4, 9433.13, 9937.75, 9757.27 
9626.43, 9735.26, 8115.24, 10145.9, 9298.22, 9472.91, 10291.4, 9072.33, 9689.03, 9504.53, 9339.3, 9297.02, 9620.06 
10117.5, 7004.39, 8937.55, 8540.05, 8809.86, 9162.58, 10030.3, 9489.69, 9873.7, 9912.06, 9416, 9954.32, 9398.26 
11400.8, 10387.5, 10142.5, 8734.16, 9429.19, 10210.1, 8621.62, 9901.47, 9155.48, 8996.09, 9398.9, 8873.26, 9258.38 
8801.75, 8508.59, 9520.96, 8371.14, 9658.03, 8906.8, 9406.15, 9501.55, 9371.52, 9552.16, 8875.9, 9304.77, 8806.98 
10017.3, 9735.26, 9680.72, 10095.4, 8916.12, 10485.9, 8783.13, 9049.69, 9840.85, 9457.15, 9280.07, 9212.22, 8932.59 
9626.43, 9495.46, 8224, 10120.6, 9448.05, 9223.82, 9664.79, 9803, 9064.42, 9619.23, 9527.9, 9366.99, 9660.21 
8374.51, 8551.13, 9057.33, 9296.8, 10694.2, 9193.15, 9845.85, 9336.8, 9206.46, 9514.04, 9322.34, 9580.07, 9612.05 
6931.75, 10596.8, 10041.7, 8043.26, 8414.12, 9842.82, 10087.7, 8438.17, 8786.88, 8888.83, 9527.9, 9724.81, 9166.28 
6863.1, 6339.31, 10661.6, 9772.9, 9735.53, 8877.18, 9246.37, 10266.8, 9145.32, 9150.28, 9676.24, 9022.34, 9351.4 
8374.51, 8466.25, 8819.35, 10095.4, 9852.95, 8430.48, 9167.5, 9537.23, 9786.36, 9400.6, 9450.29, 9173.92, 8888.05 
7968.01, 10544.1, 9584.55, 9579.61, 9912.2, 9347.54, 8745.6, 10461, 9884.67, 9205.32, 8940.66, 9374.8, 9258.38 
9436.74, 9169.63, 9087.52, 9273.62, 9429.19, 9441.41, 9076.34, 9336.8, 9145.32, 9981.66, 9305.41, 9995.87, 9476.88 
10017.3, 8810.93, 8334.22, 8246.65, 9041.71, 9193.15, 9637.24, 9827.53, 9808.12, 9600.02, 9553.91, 9564.12, 9540.25 
9531.11, 7855.9, 10312.6, 9484.4, 8933.95, 9842.82, 10001.7, 9596.99, 9710.57, 8951.24, 8916.32, 9366.99, 9105.4 
5970.52, 9590.66, 9810.46, 10145.9, 8809.86, 9285.47, 9527.79, 8982.1, 9350.73, 9784.09, 9623.62, 9484.78, 9516.44 
11982.4, 11885, 8673.81, 9895.69, 11491.8, 9300.95, 9692.43, 10013.4, 9571.38, 9410, 9441.7, 9181.57, 9596.05 
8047.7, 8636.87, 9178.71, 9390.13, 10566.7, 9488.7, 9720.14, 9418.82, 9268.02, 9504.53, 9071.61, 9429.63, 9822.51 
9343.29, 8135.06, 9332.73, 9627.57, 9372.84, 9599.97, 10291.4, 9864.43, 10017.3, 9542.61, 9729.14, 9461.1, 9548.2 
10955.9, 10649.8, 8306.52, 8690.65, 9504.86, 9011.24, 9206.85, 8522.93, 9775.5, 9457.15, 9330.81, 9029.86, 9266.09 
8291.59, 8680.06, 7797.52, 8866.01, 8414.12, 9941.67, 9734.03, 9454.18, 9064.42, 9677.1, 9121.21, 9524.37, 9628.08 
9819.95, 9590.66, 11319.9, 9508.11, 9504.86, 8672.59, 10529.2, 9038.39, 9742.98, 10122.3, 9373.31, 9258.38, 9620.06 
9819.95, 8899.27, 8251.42, 9181.45, 11019.5, 8672.59, 9246.37, 9573.04, 9381.94, 9186.94, 9817.96, 9390.43, 9158.65 
12223.3, 12124.5, 9332.73, 9390.13, 8601.12, 9504.52, 9259.58, 9573.04, 9972.88, 9223.74, 8892.04, 9612.05, 9082.67 
8628.3, 8014.22, 9843.17, 10324.8, 9504.86, 9958.24, 9379.33, 10114, 9257.73, 9279.23, 9519.24, 9564.12, 9476.88 
9159.17, 7816.81, 10590.9, 8843.9, 8916.12, 8832.93, 8572.52, 9705.51, 9983.97, 9059.26, 9510.6, 9158.65, 9421.78 
11065.5, 9638.62, 9616.5, 8955.01, 10737, 9908.61, 9299.32, 9255.5, 9247.45, 9745.05, 9467.48, 9676.32, 9484.78 
7657.06, 9882.03, 8306.52, 10612.4, 8809.86, 9441.41, 9392.73, 8662.49, 10039.6, 9410, 9204.48, 9390.43, 9014.83 
6401.27, 8135.06, 9363.84, 9390.13, 8809.86, 9041.31, 9128.32, 9633.03, 9862.74, 9813.47, 9907.59, 9421.78, 9044.92 
10847.4, 8382.21, 9520.96, 9484.4, 9638.75, 8687.04, 9259.58, 9061, 9145.32, 8960.2, 9330.81, 9453.22, 9652.17 
11514.8, 10233.2, 10312.6, 9044.91, 8845.14, 9472.91, 9365.95, 10051, 9034.27, 9041.17, 9416, 9366.99, 9660.21 
9159.17, 10544.1, 8142.3, 11183.7, 9242.65, 8672.59, 9845.85, 9537.23, 10163, 9353.73, 9450.29, 9596.05, 9500.59 
7213.24, 9307.88, 10450.9, 8756, 9059.79, 9177.85, 8745.6, 10228.4, 8914.67, 9297.8, 9416, 9429.63, 9500.59 
6863.1, 12185.1, 9489.33, 9181.45, 10975.6, 9300.95, 9987.42, 8673.32, 9014.23, 9150.28, 9313.87, 9620.06, 9429.63 
8978.68, 10596.8, 8169.44, 10376.5, 9391.59, 9116.91, 9233.18, 9325.15, 8156.77, 9542.61, 9773.45, 9516.44, 8962.41 
11065.5, 9033.44, 9457.8, 9413.61, 9774.51, 9316.45, 9365.95, 9975.97, 9165.66, 9638.48, 9296.96, 9390.43, 9492.68 
11630, 8899.27, 8559.1, 9022.35, 9335.46, 9958.24, 9392.73, 9573.04, 9114.9, 9533.08, 8747.77, 9468.99, 9636.1 
10117.5, 9783.94, 8142.3, 10962.5, 9410.37, 9041.31, 9050.46, 9430.59, 9309.28, 9667.43, 9641.13, 9912.94, 9708.62 
9343.29, 8899.27, 8251.42, 9296.8, 9991.74, 9026.26, 8224.83, 9525.32, 9819.02, 9447.7, 9493.32, 9335.83, 9390.43 
7431.84, 10439.4, 9209.31, 10454.5, 10566.7, 9504.52, 9259.58, 9117.78, 8660.93, 9495.04, 9467.48, 9564.12, 9636.1 
11630, 9931.45, 10485.7, 8712.38, 10823.1, 9568.05, 9859.91, 8937.33, 9646.08, 9428.83, 9381.83, 9421.78, 9390.43 
10528.4, 11028.2, 9584.55, 10533.1, 10173.1, 10091.8, 9944.74, 9585.01, 8914.67, 9764.55, 9632.37, 8940.04, 9789.84 
8209.48, 10864.4, 8997.24, 9871.01, 8687.49, 9908.61, 9037.55, 10318.2, 9613.99, 10337.1, 9254.81, 9044.92, 9500.59 
13502.2, 9401.2, 10485.7, 10222.2, 8987.67, 8788.91, 8658.63, 9371.86, 9434.18, 9833.11, 10190.7, 9500.59, 9445.35 
7141.81, 10182.3, 10416.1, 9846.39, 9316.82, 9584, 10001.7, 9278.66, 9034.27, 9288.51, 9988.96, 9166.28, 9855.3 
10424.1, 10131.6, 10520.6, 8647.35, 9391.59, 7834.78, 8783.13, 8959.69, 8914.67, 9260.7, 9623.62, 9830.7, 9524.37 
9436.74, 11420.1, 9148.21, 8756, 8464.72, 9568.05, 9352.58, 9360.16, 9560.76, 9628.85, 8989.55, 9343.61, 9765.4 
10528.4, 10864.4, 9552.7, 8455.17, 8809.86, 9378.73, 8947.67, 10013.4, 9808.12, 9764.55, 9204.48, 9343.61, 9822.51 
8714.59, 10703, 8967.34, 9273.62, 8933.95, 9842.82, 8560.29, 9129.18, 8944.42, 8531.89, 9356.29, 9082.67, 9540.25 
9436.74, 10810.3, 8061.4, 8843.9, 9041.71, 9116.91, 8846.06, 9681.29, 9928.68, 9485.55, 9305.41, 9204.55, 9219.89 
7889.11, 8988.49, 8878.25, 9158.55, 8739.72, 9086.59, 9555.03, 9938.65, 9145.32, 9495.04, 9476.09, 9461.1, 9445.35 
7001.07, 7855.9, 10590.9, 9484.4, 9448.05, 9536.23, 8909.43, 9596.99, 10425.9, 9032.14, 9398.9, 8784.99, 9429.63 
8047.7, 9307.88, 9426.38, 11239.7, 9224.2, 9394.36, 8909.43, 9061, 9667.53, 10173, 9288.51, 9328.06, 9532.31 
10218.7, 10031, 8790.05, 9651.64, 9971.79, 9457.15, 8896.72, 10063.6, 8835.81, 9638.48, 9212.85, 9219.89, 9112.99 
11065.5, 9832.86, 8878.25, 11183.7, 9619.51, 8629.36, 9473.53, 9174.91, 9034.27, 9223.74, 9632.37, 9235.27, 9075.11 
10740, 10335.8, 10876.7, 10454.5, 8951.82, 9270.02, 9037.55, 9348.48, 9917.66, 8924.44, 8795.6, 9320.29, 9500.59 
8209.48, 7004.39, 9908.9, 9797.34, 9335.46, 8305.06, 9944.74, 9645.07, 9995.06, 9793.87, 9527.9, 9962.61, 9757.27 
8128.19, 9078.61, 9875.98, 9797.34, 9169.07, 9223.82, 8720.66, 8760.44, 9732.17, 9561.71, 9121.21, 9266.09, 9445.35 
11176.2, 9307.88, 8474.07, 9343.35, 9410.37, 8951.41, 8884.03, 9106.39, 9884.67, 9476.08, 9171.08, 9429.63, 9421.78 
6863.1, 7777.92, 9426.38, 9204.4, 9077.91, 9991.46, 9392.73, 9901.47, 9455.16, 9971.69, 9476.09, 9335.83, 9281.55 
6727.85, 10703, 9117.81, 8910.4, 9205.78, 9908.61, 9761.87, 9681.29, 9732.17, 9150.28, 9305.41, 9007.32, 9105.4 
9436.74, 10131.6, 10312.6, 9320.05, 10399.1, 9892.12, 9193.71, 9407.06, 9667.53, 9735.31, 8867.83, 9143.4, 9716.71 
7141.81, 8767.09, 8196.67, 9895.69, 10399.1, 8643.75, 9154.42, 9815.26, 9114.9, 9715.87, 9364.79, 9492.68, 9128.18 
11400.8, 9981.11, 9332.73, 9112.92, 8214.76, 8877.18, 9973.18, 9988.44, 9434.18, 9941.83, 9246.4, 9014.83, 8843.74 
7213.24, 8299, 10210.2, 9699.96, 9852.95, 9457.15, 9637.24, 9988.44, 9423.71, 9495.04, 9229.61, 9204.55, 9757.27 
10955.9, 8636.87, 10142.5, 10324.8, 9448.05, 8951.41, 9761.87, 9186.38, 9340.35, 9523.56, 9398.9, 9052.45, 9580.07 
10847.4, 10918.7, 10347, 10171.3, 9716.1, 9615.97, 9527.79, 9255.5, 10368.2, 8987.11, 9179.42, 9524.37, 10087.9 
14621.1, 8810.93, 9843.17, 9603.56, 8951.82, 9254.6, 10016, 9407.06, 9319.63, 8791.62, 9871.64, 9437.49, 9029.86 
9819.95, 9495.46, 9810.46, 9181.45, 8987.67, 10091.8, 9167.5, 9501.55, 9350.73, 9353.73, 8723.95, 9242.97, 9708.62 
7733.64, 9448.22, 10626.2, 9484.4, 10031.8, 8716.03, 8758.09, 9778.54, 9465.67, 9400.6, 9055.14, 9453.22, 9652.17 
13368.5, 7362.64, 10912.9, 8843.9, 8618.32, 9584, 9916.38, 9621, 10095.5, 9177.76, 9313.87, 9281.55, 9620.06 
11400.8, 10864.4, 8937.55, 9067.52, 9971.79, 9378.73, 9365.95, 9827.53, 8728.52, 9833.11, 9416, 9492.68, 9212.22 
11630, 9686.82, 9552.7, 8518.75, 10011.7, 8486.83, 9902.24, 8959.69, 9298.95, 9882.38, 9381.83, 9250.67, 9461.1 
7285.38, 10387.5, 8673.81, 9296.8, 9677.34, 9363.12, 9514.2, 9106.39, 9114.9, 9495.04, 9390.36, 9219.89, 10029.2 
8889.77, 7217.19, 9209.31, 8888.18, 9523.87, 9680.25, 9555.03, 9325.15, 8924.57, 9609.62, 9030.49, 9716.71, 8947.49 
9343.29, 9735.26, 10949.3, 8712.38, 9041.71, 9363.12, 9637.24, 8881.67, 9592.66, 9325.72, 9055.14, 9781.69, 10130 
9436.74, 10491.6, 8997.24, 9067.52, 8704.86, 8921.64, 9637.24, 9657.13, 9319.63, 8933.37, 9005.9, 9636.1, 9500.59 
11863.8, 8135.06, 10312.6, 10559.5, 8951.82, 9056.38, 9678.6, 9633.03, 9560.76, 9223.74, 9398.9, 9112.99, 9781.69 
7657.06, 8508.59, 9027.23, 9627.57, 10651.5, 9696.38, 9102.29, 9657.13, 9444.66, 9619.23, 9433.13, 9112.99, 8925.15 
10847.4, 8636.87, 9875.98, 9135.71, 9951.89, 10261.3, 9272.81, 8804.33, 9950.76, 9288.51, 9553.91, 9532.31, 9266.09 
8542.86, 9686.82, 9209.31, 9748.53, 10888.2, 9363.12, 10131, 9209.37, 9288.63, 9754.79, 9458.88, 9112.99, 9242.97 
10847.4, 9307.88, 9087.52, 9920.43, 9912.2, 9378.73, 10030.3, 9803, 9329.98, 9466.61, 9579.99, 9879.96, 9556.16 
8714.59, 8014.22, 11133, 9343.35, 9205.78, 8672.59, 8795.68, 9513.43, 9402.8, 10132.5, 9702.65, 10172.3, 9652.17 
9531.11, 9307.88, 9648.56, 10324.8, 8809.86, 10125.5, 8758.09, 9220.88, 9646.08, 9353.73, 9519.24, 9090.24, 9289.28 
8374.51, 7289.55, 9057.33, 9250.49, 9132.5, 8981.28, 9859.91, 9693.39, 9983.97, 9514.04, 9433.13, 9235.27, 10130 
7810.99, 10596.8, 10278.4, 9579.61, 9372.84, 9101.74, 8658.63, 9852.11, 9455.16, 9391.21, 10126.1, 9258.38, 8999.82 
10955.9, 8424.12, 9209.31, 9204.4, 10737, 9132.11, 9637.24, 9430.59, 9104.78, 9580.85, 8956.93, 9258.38, 10447.1 
7506.17, 8988.49, 9270.81, 9181.45, 8916.12, 8305.06, 9692.43, 9454.18, 9268.02, 9438.26, 8883.97, 8596.76, 9741.03 
8291.59, 10649.8, 8760.84, 10402.5, 8792.27, 9615.97, 9987.42, 9430.59, 9319.63, 9590.43, 9934.64, 9128.18, 9757.27 
8978.68, 7662.39, 9087.52, 8977.4, 8380.56, 9086.59, 10291.4, 10254, 9753.81, 10388.9, 9356.29, 9732.91, 9588.06 
8714.59, 9261.57, 9117.81, 8777.89, 8757.2, 8774.29, 9987.42, 8993.33, 9268.02, 8924.44, 9254.81, 9741.03, 10121.6 
16475.5, 9638.62, 9745.38, 9675.77, 9755, 8906.8, 9206.85, 9027.1, 9402.8, 9533.08, 9898.59, 9173.92, 9620.06 
10320.9, 8299, 8937.55, 9579.61, 8933.95, 9974.84, 8884.03, 9876.76, 9646.08, 9122.88, 9096.38, 9830.7, 9151.02 
8374.51, 10081.2, 10312.6, 9579.61, 9279.66, 8788.91, 9527.79, 8760.44, 8709.16, 8969.16, 9398.9, 9741.03, 9014.83 
7889.11, 9832.86, 8760.84, 9135.71, 9951.89, 9568.05, 10059, 9174.91, 10106.7, 9580.85, 8867.83, 9366.99, 9453.22 
10740, 9169.63, 10347, 9135.71, 9114.27, 10091.8, 8499.4, 9395.31, 10061.9, 9122.88, 8787.61, 9437.49, 9219.89 
10117.5, 9882.03, 9148.21, 8977.4, 9410.37, 10787, 9011.78, 9573.04, 9571.38, 9842.95, 9288.51, 9476.88, 9524.37 
8889.77, 7109.99, 9457.8, 8205.56, 9316.82, 10108.6, 9089.3, 10318.2, 9196.25, 9113.76, 9322.34, 9090.24, 9060 
7889.11, 9448.22, 8362, 8910.4, 10152.7, 9925.12, 9246.37, 10177.4, 10208.2, 9552.16, 9641.13, 9328.06, 9461.1 
9068.48, 7436.46, 8790.05, 9390.13, 9542.92, 9162.58, 9141.36, 9348.48, 8875.15, 9523.56, 9347.79, 9406.09, 9312.53 
8374.51, 9261.57, 8007.92, 10222.2, 9696.7, 8458.61, 9352.58, 9197.87, 9004.22, 9438.26, 9588.7, 9413.93, 9250.67 
7285.38, 8299, 10210.2, 9437.15, 8481.65, 9239.2, 9789.78, 9466, 8555.76, 9735.31, 9979.88, 9749.14, 9014.83 
10955.9, 8424.12, 8530.66, 9627.57, 10316.3, 8181.5, 8795.68, 9371.86, 9288.63, 9774.31, 9263.22, 9235.27, 9258.38 
10633.7, 10182.3, 9941.94, 9970.1, 9951.89, 9504.52, 9011.78, 8716.77, 9278.32, 9095.56, 9450.29, 9366.99, 8755.77 
8458.27, 9307.88, 10108.8, 8977.4, 8969.73, 8759.68, 9128.32, 9537.23, 9361.12, 9438.26, 9196.12, 9668.26, 9135.79 
9068.48, 7436.46, 8007.92, 10376.5, 8549.71, 9425.7, 9352.58, 9430.59, 9196.25, 9077.39, 10116.9, 9830.7, 9189.22 
8628.3, 8551.13, 9584.55, 9204.4, 8774.72, 9056.38, 9775.81, 9501.55, 9024.24, 9619.23, 8924.43, 8925.15, 8999.82 
10847.4, 8424.12, 10804.5, 9366.71, 10152.7, 9086.59, 9582.36, 9466, 9196.25, 9428.83, 9424.56, 9075.11, 8999.82 
8291.59, 7326.01, 9745.38, 9460.74, 9852.95, 9892.12, 8236.59, 8982.1, 9699.79, 9223.74, 9641.13, 8858.49, 9266.09 
6595.27, 8988.49, 8997.24, 8668.97, 8809.86, 9908.61, 9637.24, 10190.1, 9635.37, 9269.96, 9441.7, 9540.25, 8799.64 
10740, 9261.57, 8644.99, 9090.2, 9410.37, 9285.47, 9089.3, 9717.64, 9829.93, 9214.53, 8827.63, 9700.54, 9620.06 
11746.3, 9124.01, 8169.44, 8003.19, 9224.2, 9300.95, 8733.12, 9117.78, 9465.67, 9725.58, 8883.97, 9628.08, 10300.2 
6795.14, 8767.09, 9240.01, 9871.01, 9354.13, 9712.55, 10189.1, 10063.6, 9104.78, 9447.7, 9536.56, 9814.34, 9532.31 
9531.11, 11477.2, 8907.85, 9579.61, 9600.3, 9826.44, 8733.12, 8948.5, 8826, 9400.6, 9450.29, 9532.31, 9421.78 
11400.8, 8216.62, 9975.08, 9067.52, 10758.5, 9300.95, 10131, 10101.4, 8994.23, 9793.87, 9988.96, 9628.08, 9297.02 
13773.6, 7586.33, 9584.55, 10120.6, 9619.51, 9761.19, 8884.03, 9301.87, 9667.53, 9862.64, 9229.61, 9708.62, 9524.37 
10424.1, 8767.09, 9087.52, 9437.15, 9298.22, 9425.7, 9651, 8948.5, 9528.95, 9260.7, 9104.65, 9143.4, 9847.09 
7213.24, 10131.6, 10142.5, 9296.8, 9562.01, 9041.31, 10189.1, 9232.41, 8757.65, 9428.83, 9305.41, 9548.2, 9429.63 
8714.59, 9735.26, 11664, 8246.65, 9448.05, 9584, 9874, 10279.6, 9753.81, 9353.73, 9536.56, 9548.2, 9765.4 
9250.78, 9078.61, 9908.9, 9044.91, 10609, 8672.59, 9803.77, 10305.3, 9361.12, 9353.73, 9588.7, 9806.16, 9564.12 
10017.3, 9638.62, 8673.81, 8455.17, 9372.84, 9842.82, 9460.02, 9938.65, 9268.02, 9764.55, 9254.81, 9461.1, 9596.05 
6465.3, 8466.25, 9908.9, 8392.07, 10112.3, 9378.73, 9473.53, 9705.51, 9145.32, 9542.61, 9458.88, 9437.49, 10079.5 
9918.16, 9686.82, 8702.72, 9579.61, 9242.65, 10398.9, 9902.24, 9839.81, 8728.52, 9447.7, 9356.29, 9437.49, 9476.88 
8714.59, 8175.74, 8878.25, 9437.15, 8231.19, 8891.97, 9141.36, 9913.85, 9465.67, 9186.94, 9212.85, 10130, 9052.45 
11514.8, 9981.11, 11781.1, 9699.96, 9852.95, 10008.1, 9299.32, 9645.07, 9298.95, 9892.27, 9720.31, 9312.53, 9289.28 
8458.27, 7511.02, 8142.3, 8287.94, 9912.2, 9859.22, 8973.26, 9442.38, 9667.53, 9391.21, 8827.63, 9508.51, 9468.99 
11065.5, 8382.21, 9209.31, 8604.27, 9619.51, 9457.15, 9916.38, 9301.87, 9539.54, 9638.48, 9545.23, 9453.22, 8992.32 
7285.38, 9033.44, 7668.83, 9158.55, 9951.89, 9974.84, 9582.36, 8859.51, 9278.32, 9410, 9373.31, 9067.55, 9320.29 
9250.78, 7289.55, 9301.72, 10665.5, 9448.05, 9520.36, 9037.55, 9585.01, 8914.67, 9353.73, 8763.69, 9413.93, 9572.09 
11176.2, 8257.71, 9178.71, 8843.9, 9169.07, 9041.31, 9246.37, 9083.67, 10106.7, 9279.23, 9571.29, 9781.69, 9612.05 
8801.75, 10387.5, 9027.23, 8350.26, 9504.86, 8951.41, 9193.71, 8716.77, 9104.78, 8915.52, 9844.76, 9390.43, 9668.26 
11176.2, 8854.99, 9843.17, 10745.7, 9242.65, 9270.02, 9115.3, 8554.94, 10084.3, 9391.21, 9146.11, 9612.05, 9235.27 
10740, 8175.74, 8760.84, 9748.53, 10234.2, 10058.2, 9446.52, 9839.81, 9699.79, 9476.08, 9204.48, 9037.38, 9242.97 
9722.71, 9261.57, 9941.94, 9296.8, 9892.41, 10608.8, 9299.32, 10063.6, 9939.71, 9113.76, 9658.67, 9374.8, 9289.28 
9626.43, 8551.13, 7902.02, 10638.9, 8618.32, 9712.55, 10911.8, 9573.04, 9528.95, 9335.05, 9501.96, 9067.55, 10121.6 
10117.5, 10439.4, 9457.8, 8647.35, 10399.1, 10227.2, 10016, 9049.69, 9298.95, 9307.1, 8652.89, 9135.79, 9166.28 
9250.78, 9307.88, 8937.55, 8434.09, 8880.55, 9177.85, 9193.71, 8915.02, 9518.38, 9590.43, 9649.89, 8932.59, 9461.1 
9343.29, 10081.2, 8790.05, 10196.7, 9677.34, 9632, 9379.33, 9117.78, 9226.94, 9438.26, 9862.67, 9814.34, 9556.16 
8047.7, 9638.62, 8142.3, 10095.4, 8165.66, 9744.95, 9747.94, 9072.33, 9539.54, 9391.21, 9322.34, 9320.29, 9492.68 
11176.2, 9542.94, 9332.73, 9579.61, 9716.1, 9208.47, 9259.58, 9561.09, 9044.31, 9400.6, 8819.61, 9014.83, 9413.93 
9343.29, 8424.12, 10804.5, 10070.2, 9485.89, 9193.15, 9406.15, 9938.65, 9247.45, 9297.8, 9433.13, 9406.09, 9596.05 
11176.2, 9542.94, 8169.44, 8164.68, 8515.61, 11189.6, 8820.83, 9049.69, 8914.67, 9363.09, 9288.51, 9652.17, 9204.55 
10017.3, 10031, 9584.55, 10095.4, 10357.7, 9728.74, 8609.32, 9766.33, 8767.39, 9580.85, 9889.6, 9437.49, 9798 
8128.19, 7624.27, 8061.4, 9772.9, 8792.27, 10468.4, 8947.67, 8782.36, 8914.67, 9706.16, 9458.88, 9382.61, 9548.2 
9250.78, 9495.46, 9713, 9090.2, 9429.19, 9584, 9128.32, 9197.87, 9444.66, 9735.31, 9154.43, 9604.04, 9196.88 
8889.77, 9542.94, 8389.88, 8226.08, 10440.8, 9615.97, 9859.91, 9209.37, 8757.65, 9706.16, 9862.67, 9328.06, 9556.16 
8128.19, 9735.26, 9777.86, 9460.74, 9755, 9648.06, 8884.03, 9072.33, 9371.52, 9852.79, 9424.56, 9335.83, 9128.18 
9918.16, 10864.4, 10840.5, 9895.69, 9504.86, 10679.7, 9789.78, 9938.65, 8632.12, 9533.08, 9071.61, 9235.27, 9151.02 
10320.9, 8680.06, 8907.85, 8712.38, 9716.1, 8921.64, 9392.73, 10408.9, 9497.26, 9428.83, 9407.44, 9604.04, 9128.18 
10955.9, 8943.77, 10590.9, 8582.81, 10630.2, 8847.66, 9167.5, 9360.16, 9329.98, 9561.71, 9773.45, 8902.88, 9320.29 
11287.9, 8299, 9057.33, 8955.01, 10357.7, 9712.55, 10320.8, 9407.06, 9104.78, 9059.26, 9773.45, 9628.08, 9700.54 
8714.59, 8014.22, 10450.9, 9821.83, 11063.7, 9193.15, 10262.1, 9163.46, 9226.94, 9638.48, 9458.88, 9847.09, 9382.61 
11065.5, 9542.94, 9057.33, 9748.53, 8933.95, 10159.3, 9973.18, 8158.27, 10140.4, 9571.27, 9305.41, 8690.36, 9492.68 
10955.9, 9931.45, 9810.46, 9579.61, 9096.07, 10556, 9259.58, 9209.37, 9786.36, 9823.29, 9588.7, 9548.2, 9297.02 
8128.19, 9448.22, 8417.85, 8413.05, 8515.61, 9285.47, 9024.65, 8168.47, 9753.81, 9260.7, 9121.21, 9500.59, 9173.92 
8714.59, 11250.4, 8169.44, 8977.4, 8969.73, 9472.91, 9706.28, 10114, 9423.71, 9381.82, 9597.42, 9406.09, 9343.61 
11065.5, 9981.11, 9087.52, 9437.15, 9372.84, 8672.59, 10499.2, 9657.13, 9518.38, 8888.83, 9632.37, 9524.37, 9912.94 
7657.06, 9354.43, 9363.84, 9846.39, 8704.86, 9664.14, 9678.6, 9152.02, 9539.54, 9696.46, 9339.3, 9374.8, 9266.09 
10955.9, 6499.42, 9680.72, 10273.4, 9205.78, 9728.74, 9433.04, 9301.87, 9613.99, 8924.44, 9381.83, 9644.13, 9822.51 
12719.6, 10233.2, 8389.88, 9296.8, 10275.2, 9041.31, 9220, 9418.82, 9518.38, 9912.06, 9979.88, 9128.18, 9888.2 
10633.7, 12618.1, 10108.8, 9651.64, 9187.41, 9632, 9874, 9501.55, 9465.67, 9696.46, 9433.13, 8518.34, 9636.1 
7657.06, 7473.65, 9426.38, 10324.8, 9410.37, 10329.9, 9128.32, 9561.09, 9034.27, 9793.87, 9702.65, 9644.13, 9090.24 
8978.68, 8382.21, 9489.33, 9675.77, 9279.66, 9974.84, 9365.95, 8926.17, 10530.6, 9159.43, 9238, 10180.8, 9189.22 
9626.43, 8054.3, 10347, 8866.01, 9971.79, 9991.46, 9050.46, 9549.15, 9819.02, 10430.5, 8684.4, 9328.06, 9596.05 
7285.38, 9307.88, 9426.38, 8604.27, 9755, 9331.98, 9817.77, 9889.11, 9392.36, 9892.27, 9146.11, 9724.81, 9366.99 
10117.5, 8257.71, 9520.96, 9366.71, 9187.41, 9991.46, 9692.43, 8826.36, 9257.73, 9466.61, 9088.12, 9540.25, 9524.37 
8374.51, 9542.94, 11096.1, 9484.4, 9279.66, 9208.47, 9845.85, 9267.07, 9624.68, 9400.6, 9416, 9548.2, 9320.29 
6275.12, 9638.62, 9270.81, 10171.3, 9224.2, 9285.47, 9352.58, 8782.36, 9257.73, 9941.83, 9782.34, 9281.55, 9242.97 
7657.06, 9638.62, 9087.52, 9135.71, 8774.72, 9132.11, 9775.81, 8870.58, 9434.18, 9485.55, 9476.09, 9158.65, 9781.69 
7431.84, 10233.2, 9810.46, 9603.56, 9132.5, 9826.44, 8745.6, 9645.07, 9413.25, 9552.16, 9658.67, 9453.22, 9946.03 
9918.16, 10544.1, 9148.21, 8023.2, 8792.27, 9552.13, 9433.04, 9501.55, 8984.24, 9316.41, 8916.32, 9421.78, 9921.2 
12719.6, 9783.94, 10312.6, 8668.97, 9041.71, 10176.2, 8646.27, 9803, 9350.73, 9638.48, 9484.7, 9382.61, 9445.35 
12719.6, 8257.71, 8907.85, 9460.74, 10545.6, 9270.02, 8960.46, 9267.07, 9873.7, 9132, 9562.59, 9266.09, 9830.7 
7285.38, 10031, 8034.62, 8910.4, 10524.6, 9162.58, 10160, 9442.38, 8994.23, 10132.5, 9229.61, 9847.09, 10121.6 
6727.85, 7548.58, 7981.31, 8287.94, 8198.36, 9793.76, 9582.36, 8903.89, 9268.02, 9495.04, 9014.09, 9492.68, 9328.06 
11982.4, 9307.88, 10381.5, 9158.55, 9912.2, 10108.6, 9050.46, 9815.26, 9104.78, 9400.6, 9527.9, 9749.14, 9266.09 
11982.4, 9307.88, 8389.88, 9296.8, 9696.7, 9974.84, 9141.36, 9585.01, 9656.8, 9251.44, 9254.81, 9181.57, 9398.26 
7285.38, 7624.27, 8417.85, 9871.01, 11019.5, 9208.47, 10030.3, 9038.39, 9656.8, 9466.61, 9187.77, 9090.24, 9022.34 
6931.75, 9033.44, 9584.55, 9366.71, 8116.86, 8951.41, 9845.85, 9477.84, 9309.28, 8924.44, 9229.61, 9219.89, 8880.65 
8628.3, 8466.25, 10075.2, 9995.03, 9261.14, 8966.33, 9859.91, 8926.17, 9309.28, 9495.04, 9398.9, 9540.25, 9970.92 
8889.77, 9832.86, 9457.8, 10935.2, 9696.7, 9761.19, 9352.58, 9336.8, 9646.08, 9657.77, 9364.79, 9692.46, 9289.28 
7581.24, 8636.87, 9810.46, 10045.1, 9224.2, 8906.8, 9233.18, 9336.8, 9582.02, 9504.53, 9623.62, 9556.16, 9732.91 
8801.75, 10756.5, 10075.2, 8540.05, 8845.14, 9761.19, 9063.39, 9608.99, 8994.23, 9032.14, 9096.38, 8969.88, 9090.24 
11630, 7181.28, 9178.71, 9044.91, 9261.14, 9086.59, 9973.18, 8826.36, 9423.71, 9095.56, 9162.75, 9351.4, 9912.94 
8978.68, 9882.03, 7467.34, 9366.71, 8532.65, 8701.52, 9299.32, 9561.09, 10449.1, 9132, 10190.7, 9620.06, 9781.69 
13637.3, 9495.46, 8644.99, 7805.81, 9316.82, 9425.7, 10680.6, 8892.77, 9186.04, 10102.1, 9146.11, 9644.13, 9660.21 
8628.3, 9261.57, 9975.08, 8866.01, 9224.2, 9347.54, 9141.36, 10241.2, 8622.54, 9842.95, 9527.9, 9219.89, 9158.65 
10740, 10284.3, 9395.06, 9273.62, 10152.7, 9488.7, 8833.44, 9152.02, 9381.94, 9600.02, 9433.13, 9765.4, 9135.79 
11065.5, 10031, 10840.5, 9022.35, 9892.41, 9761.19, 9154.42, 8793.34, 9298.95, 9862.64, 9606.14, 9158.65, 9847.09 
7889.11, 10649.8, 8907.85, 9484.4, 8363.83, 10312.7, 8683.39, 9561.09, 8247.86, 9363.09, 9916.6, 9250.67, 9724.81 
8047.7, 9124.01, 7198.9, 9204.4, 9261.14, 9472.91, 9299.32, 9645.07, 8641.71, 9842.95, 9450.29, 9708.62, 9219.89 
7285.38, 10081.2, 8616.26, 9748.53, 9735.53, 8951.41, 9747.94, 9657.13, 9497.26, 9400.6, 9305.41, 9219.89, 10189.2 
13637.3, 10182.3, 8997.24, 10070.2, 9354.13, 8847.66, 9406.15, 9140.59, 9667.53, 9862.64, 9862.67, 9830.7, 9312.53 
7581.24, 9261.57, 9117.81, 9895.69, 10316.3, 9316.45, 9220, 9549.15, 9906.65, 9196.12, 9005.9, 9532.31, 9135.79 
9819.95, 9686.82, 8907.85, 8821.84, 9059.79, 9056.38, 9339.24, 9537.23, 9216.7, 9657.77, 9545.23, 9937.75, 9014.83 
9343.29, 8382.21, 9426.38, 8164.68, 9466.95, 9285.47, 9678.6, 9988.44, 9699.79, 9514.04, 9685.04, 10386.4, 9516.44 
12469, 9078.61, 9680.72, 9135.71, 8036.17, 9254.6, 10102.2, 8892.77, 9237.19, 9764.55, 9553.91, 9822.51, 9212.22 
9531.11, 9542.94, 8007.92, 8910.4, 9279.66, 9632, 9050.46, 9913.85, 9298.95, 9186.94, 9288.51, 9289.28, 9366.99 
12102.3, 8340.5, 9240.01, 10222.2, 8987.67, 9744.95, 10320.8, 10013.4, 9840.85, 9307.1, 9988.96, 8902.88, 9888.2 
10633.7, 8424.12, 8559.1, 9555.71, 9429.19, 9363.12, 9487.07, 9454.18, 10151.7, 9242.2, 9296.96, 8902.88, 10386.4 
9918.16, 11944.4, 10768.6, 9651.64, 8652.84, 9254.6, 9460.02, 9790.76, 9074.5, 9132, 9458.88, 9374.8, 9604.04 
9819.95, 10182.3, 9426.38, 9181.45, 8687.49, 9177.85, 9089.3, 8469.86, 9862.74, 9391.21, 9970.82, 9524.37, 9580.07 
10633.7, 8854.99, 10210.2, 10222.2, 9261.14, 9908.61, 8658.63, 9442.38, 9175.84, 8704.18, 9571.29, 9556.16, 9312.53 
7889.11, 10335.8, 10555.7, 10612.4, 8862.83, 9116.91, 9761.87, 10126.7, 9455.16, 10275.2, 9467.48, 9628.08, 8843.74 
6863.1, 9735.26, 8967.34, 8888.18, 9600.3, 9457.15, 9637.24, 9778.54, 9402.8, 9419.41, 9313.87, 8932.59, 8954.94 
8291.59, 11083.3, 8224, 9227.42, 9991.74, 9101.74, 8973.26, 9072.33, 9624.68, 9735.31, 9553.91, 9596.05, 9749.14 
11746.3, 9261.57, 8587.63, 9748.53, 9279.66, 8803.56, 9500.62, 9815.26, 9319.63, 9232.97, 9112.93, 9219.89, 9684.39 
11065.5, 10918.7, 9087.52, 9846.39, 9755, 9504.52, 9460.02, 9988.44, 8777.13, 8879.95, 9263.22, 9580.07, 9143.4 
11176.2, 8257.71, 9209.31, 10880.7, 11085.8, 9712.55, 9115.3, 9004.57, 9539.54, 9186.94, 9501.96, 9189.22, 9366.99 
8458.27, 9590.66, 8417.85, 9675.77, 8297.25, 9425.7, 8871.35, 9348.48, 9392.36, 9504.53, 9407.44, 9366.99, 9406.09 
11400.8, 10756.5, 7542.27, 10376.5, 8515.61, 8936.51, 9596.05, 8533.59, 10028.4, 9419.41, 8739.82, 9235.27, 9250.67 
9626.43, 7974.35, 8530.66, 10506.9, 10823.1, 8906.8, 8646.27, 9901.47, 9413.25, 9619.23, 9347.79, 9075.11, 9219.89 
7581.24, 8988.49, 10142.5, 10247.8, 10630.2, 9552.13, 9568.69, 9038.39, 9226.94, 9400.6, 9880.62, 9151.02, 9556.16 
10740, 8216.62, 10555.7, 9320.05, 9242.65, 8643.75, 8808.25, 9371.86, 10073.1, 10102.1, 9146.11, 9855.3, 10012.5 
9626.43, 8382.21, 9332.73, 9320.05, 9677.34, 8788.91, 8646.27, 9501.55, 8944.42, 9335.05, 9022.28, 9128.18, 9484.78 
15366.9, 8508.59, 8306.52, 9970.1, 9735.53, 9193.15, 9446.52, 10026, 9797.23, 9186.94, 9121.21, 9335.83, 9741.03 
11863.8, 8899.27, 9843.17, 9724.22, 9504.86, 9347.54, 9446.52, 9095.02, 8994.23, 9912.06, 8668.63, 9628.08, 9676.32 
10424.1, 12368.8, 10347, 8604.27, 8397.33, 9363.12, 8783.13, 10408.9, 9539.54, 9132, 8956.93, 9708.62, 9588.06 
11863.8, 9495.46, 10876.7, 9022.35, 9335.46, 9347.54, 8960.46, 9790.76, 9278.32, 9793.87, 9898.59, 9476.88, 9453.22 
12223.3, 9169.63, 9616.5, 10826.5, 9542.92, 8388.47, 9874, 9038.39, 9434.18, 8978.13, 9484.7, 9516.44, 9312.53 
11065.5, 9495.46, 10381.5, 10935.2, 9261.14, 10058.2, 9339.24, 9360.16, 9145.32, 9852.79, 9536.56, 10020.9, 9855.3 
13368.5, 10233.2, 9148.21, 8910.4, 9696.7, 9728.74, 9037.55, 9645.07, 9689.03, 9715.87, 11139.9, 9335.83, 9158.65 
9343.29, 7181.28, 9240.01, 10428.5, 9638.75, 8745.11, 8720.66, 9027.1, 9392.36, 9571.27, 9071.61, 9374.8, 9612.05 
8801.75, 10649.8, 8937.55, 10665.5, 9542.92, 9599.97, 9352.58, 10344, 9732.17, 9132, 9305.41, 9929.47, 9060 
10218.7, 8680.06, 8389.88, 9945.23, 11152.5, 9632, 10741.8, 9418.82, 9361.12, 9657.77, 9702.65, 9644.13, 8969.88 
7431.84, 9542.94, 9680.72, 8455.17, 10419.9, 10176.2, 8808.25, 10177.4, 9829.93, 9086.47, 9632.37, 9492.68, 9628.08 
9722.71, 9261.57, 10075.2, 9748.53, 9735.53, 10024.8, 9874, 9525.32, 9434.18, 10021.7, 9330.81, 9789.84, 9235.27 
9068.48, 8175.74, 9777.86, 8023.2, 8583.95, 8543.56, 9220, 9657.13, 9340.35, 9400.6, 9063.37, 9297.02, 9097.82 
9343.29, 8466.25, 8587.63, 9555.71, 8898.32, 9584, 9089.3, 9442.38, 10333.7, 9862.64, 9623.62, 9789.84, 9896.44 
9250.78, 8175.74, 10985.8, 9555.71, 9466.95, 9488.7, 9817.77, 8406.6, 10073.1, 9590.43, 9305.41, 9421.78, 9266.09 
11400.8, 8593.89, 9148.21, 9555.71, 8898.32, 9632, 9299.32, 9106.39, 9742.98, 9495.04, 9356.29, 9143.4, 9668.26 
8374.51, 10131.6, 8878.25, 9366.71, 9448.05, 9712.55, 9487.07, 9106.39, 9165.66, 9619.23, 9407.44, 9855.3, 9724.81 
8047.7, 11477.2, 8819.35, 10045.1, 8987.67, 9410.02, 9379.33, 9395.31, 8670.55, 9223.74, 10080.1, 9628.08, 9604.04 
6030.23, 9215.49, 9975.08, 9022.35, 10275.2, 9300.95, 8695.79, 9083.67, 9582.02, 9428.83, 9381.83, 9468.99, 9636.1 
10740, 8299, 10142.5, 9675.77, 9523.87, 9826.44, 9063.39, 9220.88, 9044.31, 9104.66, 9809.04, 10004.2, 9814.34 
8128.19, 7473.65, 10768.6, 8999.85, 8916.12, 9457.15, 9582.36, 9186.38, 10612.8, 9754.79, 9390.36, 9158.65, 9516.44 
7141.81, 8094.58, 7720.05, 10020, 9951.89, 9696.38, 9128.32, 8993.33, 10073.1, 9466.61, 9104.65, 9219.89, 10037.6 
8291.59, 8014.22, 8445.91, 9772.9, 9852.95, 8557.8, 9037.55, 9621, 9646.08, 9269.96, 9711.48, 9143.4, 9204.55 
6595.27, 8340.5, 9680.72, 8647.35, 9298.22, 9810.09, 9541.4, 8948.5, 9434.18, 9428.83, 9510.6, 9806.16, 9374.8 
10117.5, 9124.01, 9875.98, 9821.83, 8313.85, 9536.23, 9037.55, 9129.18, 9237.19, 9457.15, 9096.38, 9524.37, 9413.93 
9343.29, 9686.82, 9489.33, 9748.53, 8635.56, 9664.14, 9582.36, 9549.15, 9226.94, 9648.12, 9014.09, 9390.43, 9258.38 
11863.8, 9783.94, 9395.06, 9675.77, 8757.2, 8249.91, 9596.05, 9913.85, 9518.38, 9316.41, 9597.42, 10062.7, 8962.41 
8714.59, 10703, 7592.64, 8690.65, 8247.66, 9147.33, 9944.74, 9681.29, 9764.65, 9754.79, 9579.99, 9151.02, 9374.8 
8801.75, 8636.87, 8007.92, 8185.1, 9932.02, 9270.02, 10030.3, 9717.64, 9873.7, 9186.94, 8883.97, 9484.78, 9204.55 
11065.5, 7739.22, 9395.06, 9627.57, 10461.7, 8891.97, 8909.43, 10139.3, 10484, 9735.31, 9154.43, 9235.27, 9453.22 
10955.9, 12124.5, 8306.52, 8821.84, 9600.3, 9425.7, 9259.58, 9729.79, 10299.3, 9725.58, 10007.1, 9235.27, 9556.16 
8628.3, 12064.2, 9584.55, 9067.52, 8280.69, 8658.15, 9365.95, 9608.99, 9486.72, 9590.43, 9510.6, 9588.06, 9508.51 
8801.75, 8424.12, 8362, 9579.61, 9581.14, 9410.02, 8960.46, 9889.11, 9371.52, 9504.53, 9720.31, 9181.57, 9075.11 
9819.95, 7436.46, 10312.6, 9579.61, 9696.7, 8730.56, 9206.85, 10076.2, 9539.54, 9279.23, 9641.13, 9620.06, 9437.49 
10218.7, 6866.01, 8644.99, 9675.77, 9187.41, 9680.25, 8896.72, 9549.15, 8757.65, 8897.72, 9364.79, 9484.78, 9814.34 
11630, 10387.5, 9489.33, 8083.54, 9951.89, 9744.95, 9246.37, 9336.8, 8767.39, 9251.44, 9322.34, 9235.27, 9652.17 
10424.1, 10182.3, 8760.84, 9945.23, 9335.46, 10176.2, 10335.6, 9313.5, 9402.8, 9961.73, 9137.81, 9580.07, 9105.4 
7968.01, 9078.61, 9332.73, 10350.6, 9429.19, 9270.02, 9582.36, 10013.4, 9278.32, 8915.52, 9800.13, 9304.77, 9328.06 
10320.9, 9169.63, 10108.8, 10692.2, 9391.59, 9116.91, 9076.34, 8926.17, 9689.03, 9279.23, 9280.07, 9789.84, 9765.4 
7141.81, 9307.88, 9520.96, 10145.9, 8652.84, 9086.59, 9193.71, 9072.33, 9329.98, 9150.28, 10034.4, 9067.55, 9508.51 
7889.11, 8424.12, 9875.98, 8063.37, 9410.37, 9584, 9246.37, 9454.18, 9455.16, 9648.12, 9925.61, 9413.93, 9281.55 
12345.5, 9882.03, 10347, 9320.05, 10482.6, 9177.85, 8770.6, 9174.91, 9216.7, 9533.08, 9510.6, 9476.88, 9258.38 
9250.78, 8508.59, 9209.31, 8821.84, 9410.37, 9504.52, 9193.71, 9174.91, 10472.3, 9353.73, 9171.08, 8806.98, 9105.4 
6931.75, 9686.82, 8278.93, 8124.01, 8809.86, 9712.55, 9379.33, 9383.58, 9392.36, 9353.73, 9467.48, 9014.83, 9166.28 
9819.95, 8175.74, 11059.2, 7805.81, 10051.8, 9488.7, 8683.39, 10266.8, 9507.81, 9186.94, 9238, 9548.2, 9437.49 
7071.09, 9354.43, 8997.24, 8777.89, 10071.9, 8996.25, 8795.68, 10344, 9329.98, 9842.95, 9527.9, 9196.88, 9612.05 
10320.9, 8943.77, 8061.4, 9699.96, 9023.66, 9552.13, 9527.79, 9815.26, 8914.67, 9706.16, 9527.9, 9524.37, 9281.55 
11514.8, 8943.77, 8848.75, 10171.3, 9523.87, 9941.67, 8947.67, 9766.33, 9928.68, 10244.5, 9826.89, 9037.38, 9204.55 
11514.8, 8680.06, 9552.7, 9320.05, 9429.19, 9056.38, 9206.85, 8937.33, 9667.53, 9335.05, 9667.45, 9421.78, 9007.32 
10424.1, 8767.09, 9426.38, 9390.13, 8652.84, 9208.47, 9845.85, 9693.39, 9186.04, 9600.02, 9433.13, 9250.67, 9871.73 
11514.8, 7586.33, 7823.51, 10454.5, 10011.7, 8921.64, 9527.79, 9839.81, 9226.94, 10173, 9398.9, 9524.37, 9421.78 
8801.75, 10439.4, 9489.33, 9204.4, 9735.53, 9410.02, 10335.6, 9325.15, 10039.6, 9005.09, 8835.66, 9676.32, 9166.28 
6661.23, 10864.4, 9426.38, 8888.18, 9041.71, 9316.45, 9817.77, 9267.07, 9518.38, 9833.11, 9238, 9628.08, 9580.07 
7657.06, 8988.49, 10041.7, 8582.81, 8987.67, 9615.97, 9568.69, 8512.29, 9155.48, 8978.13, 9263.22, 10121.6, 9636.1 
12102.3, 7362.64, 11702.9, 7884.17, 9971.79, 9101.74, 9128.32, 9669.2, 9024.24, 9571.27, 9553.91, 9289.28, 9312.53 
9819.95, 9590.66, 9457.8, 9204.4, 10071.9, 8672.59, 8733.12, 9573.04, 9298.95, 10071.9, 9171.08, 9461.1, 9879.96 
6931.75, 8943.77, 7875.76, 9112.92, 9114.27, 8615, 10203.6, 9313.5, 9216.7, 8574.64, 9493.32, 9227.58, 9266.09 
13637.3, 8899.27, 9777.86, 10070.2, 9852.95, 8529.34, 9555.03, 9418.82, 9340.35, 8835.68, 9121.21, 9097.82, 9612.05 
10218.7, 8257.71, 8251.42, 9135.71, 10173.1, 8745.11, 9286.06, 9864.43, 9094.68, 9754.79, 9347.79, 9724.81, 9540.25 
11400.8, 11138.8, 11741.9, 8821.84, 9279.66, 9472.91, 9651, 9348.48, 9635.37, 8853.36, 9313.87, 9741.03, 9524.37 
11746.3, 7855.9, 7954.79, 9022.35, 9932.02, 9584, 9419.59, 9489.69, 9104.78, 9205.32, 9711.48, 9390.43, 9082.67 
8978.68, 8466.25, 8445.91, 8977.4, 9755, 9488.7, 9339.24, 9278.66, 9361.12, 9428.83, 9005.9, 9781.69, 8977.35 
12719.6, 9354.43, 9745.38, 9250.49, 9696.7, 10485.9, 9958.95, 9348.48, 9507.81, 9372.45, 9579.99, 9421.78, 9112.99 
11400.8, 8508.59, 9648.56, 8932.68, 10031.8, 8745.11, 9487.07, 9140.59, 9226.94, 9438.26, 10052.7, 9516.44, 9413.93 
8209.48, 8723.46, 9941.94, 8910.4, 8618.32, 9941.67, 9167.5, 9963.52, 8689.83, 9159.43, 9889.6, 9273.82, 9421.78 
7810.99, 8135.06, 8474.07, 9296.8, 9261.14, 9744.95, 9845.85, 9549.15, 9646.08, 9196.12, 9171.08, 9029.86, 9484.78 
7285.38, 9169.63, 10108.8, 9067.52, 8916.12, 9941.67, 8884.03, 9705.51, 9917.66, 9419.41, 9934.64, 9366.99, 9242.97 
11514.8, 8299, 9395.06, 9531.88, 9372.84, 8529.34, 9193.71, 9255.5, 9497.26, 9793.87, 9398.9, 9390.43, 9500.59 
11863.8, 9495.46, 10949.3, 9945.23, 8481.65, 8788.91, 10189.1, 9313.5, 9155.48, 8924.44, 9187.77, 9112.99, 9014.83 
10117.5, 7816.81, 9332.73, 9675.77, 8549.71, 9536.23, 9747.94, 9790.76, 10196.9, 9438.26, 9720.31, 9453.22, 8999.82 
8978.68, 10439.4, 9148.21, 9390.13, 9658.03, 8701.52, 9623.49, 9442.38, 9186.04, 9316.41, 9907.59, 9382.61, 9437.49 
10633.7, 10756.5, 8702.72, 9413.61, 8898.32, 9728.74, 9692.43, 9209.37, 9603.32, 9159.43, 10162.9, 9297.02, 9297.02 
12102.3, 10284.3, 9843.17, 8910.4, 9041.71, 9270.02, 8896.72, 9477.84, 9646.08, 9609.62, 9146.11, 9281.55, 8888.05 
9159.17, 7511.02, 9810.46, 9555.71, 8951.82, 9744.95, 9433.04, 9301.87, 9329.98, 9242.2, 9782.34, 9954.32, 9250.67 
12102.3, 9307.88, 8731.73, 10638.9, 9354.13, 9552.13, 9514.2, 9106.39, 9361.12, 9725.58, 9407.44, 9716.71, 9814.34 
9918.16, 8216.62, 8790.05, 9044.91, 10071.9, 8774.29, 10116.6, 9951.08, 9319.63, 9862.64, 9063.37, 9273.82, 8992.32 
12345.5, 8988.49, 8334.22, 10171.3, 9872.66, 10176.2, 9272.81, 9348.48, 9465.67, 9823.29, 8668.63, 9757.27, 9453.22 
9626.43, 7004.39, 9843.17, 10376.5, 9205.78, 9223.82, 9419.59, 9621, 9381.94, 9023.11, 9809.04, 9029.86, 9250.67 
8209.48, 10756.5, 9745.38, 10120.6, 10587.8, 9958.24, 9902.24, 9839.81, 8670.55, 9504.53, 9238, 9995.87, 9476.88 
9819.95, 10864.4, 8034.62, 9181.45, 9971.79, 8906.8, 9246.37, 9232.41, 9528.95, 9803.67, 9212.85, 9250.67, 9281.55 
8978.68, 8340.5, 7745.79, 9699.96, 9562.01, 8921.64, 9987.42, 9232.41, 8826, 9419.41, 9381.83, 9855.3, 9374.8 
11065.5, 10703, 10450.9, 9531.88, 9279.66, 8951.41, 10016, 10474.1, 9319.63, 9803.67, 9649.89, 8969.88, 9822.51 
7733.64, 9495.46, 9875.98, 8932.68, 8757.2, 8716.03, 8695.79, 9313.5, 9950.76, 9638.48, 9755.7, 9166.28, 9406.09 
7431.84, 8424.12, 9520.96, 8888.18, 9187.41, 9648.06, 10291.4, 9477.84, 8826, 9438.26, 9536.56, 8925.15, 9335.83 
10633.7, 7586.33, 9426.38, 9022.35, 9114.27, 8996.25, 9958.95, 9681.29, 9423.71, 9381.82, 9390.36, 9075.11, 9596.05 
8628.3, 11138.8, 8967.34, 8712.38, 10092.1, 8921.64, 9352.58, 9729.79, 8826, 8730.32, 9800.13, 9219.89, 9532.31 
10320.9, 8767.09, 8616.26, 9484.4, 8515.61, 8981.28, 9272.81, 10241.2, 9074.5, 9466.61, 9212.85, 9037.38, 9173.92 
7733.64, 7895.19, 8088.28, 10772.6, 8916.12, 8862.41, 10016, 9537.23, 9840.85, 9410, 9356.29, 9105.4, 9806.16 
6465.3, 9078.61, 7694.4, 9871.01, 8133.1, 9394.36, 9115.3, 9027.1, 9216.7, 9902.16, 9263.22, 9266.09, 9676.32 
8628.3, 8340.5, 8559.1, 9579.61, 9391.59, 9488.7, 9365.95, 9561.09, 10507.3, 9059.26, 9501.96, 9105.4, 9320.29 
8047.7, 11708.4, 8417.85, 10020, 9562.01, 10227.2, 8871.35, 9717.64, 8470.67, 9335.05, 9046.91, 9700.54, 9281.55 
7141.81, 8135.06, 9584.55, 9995.03, 9187.41, 9632, 9651, 8738.58, 9104.78, 9307.1, 9519.24, 9500.59, 9166.28 
11863.8, 8551.13, 11433.4, 9460.74, 9658.03, 10261.3, 9259.58, 9301.87, 9216.7, 9041.17, 9263.22, 9987.54, 10206.2 
11863.8, 7739.22, 8502.32, 9846.39, 9638.75, 8981.28, 9609.76, 8312.61, 8994.23, 9381.82, 9579.99, 9273.82, 9453.22 
7358.25, 9735.26, 10450.9, 8083.54, 8827.48, 9632, 9272.81, 9348.48, 9775.5, 10112.2, 9943.67, 9580.07, 9437.49 
8714.59, 8988.49, 9395.06, 10480.7, 9187.41, 9632, 9352.58, 9525.32, 9528.95, 9104.66, 8989.55, 9468.99, 9273.82 
13637.3, 7895.19, 8731.73, 9204.4, 9372.84, 9071.47, 8986.08, 9815.26, 9732.17, 9931.9, 9441.7, 9814.34, 9612.05 
10320.9, 10335.8, 8251.42, 8932.68, 9833.29, 9504.52, 9167.5, 9371.86, 9196.25, 9476.08, 9356.29, 9556.16, 9374.8 
13368.5, 8508.59, 9616.5, 9135.71, 9354.13, 9875.66, 9299.32, 9876.76, 9155.48, 9745.05, 9562.59, 9668.26, 9970.92 
8889.77, 8810.93, 9713, 9675.77, 9833.29, 9472.91, 9623.49, 10063.6, 9309.28, 9353.73, 9623.62, 9564.12, 9227.58 
8628.3, 10491.6, 9713, 10020, 9951.89, 9842.82, 9154.42, 9717.64, 9361.12, 9410, 9373.31, 9468.99, 9789.84 
8374.51, 8810.93, 9489.33, 8888.18, 9912.2, 9520.36, 10320.8, 8727.67, 9667.53, 9391.21, 9501.96, 9492.68, 8792.32 
8458.27, 8899.27, 10450.9, 8777.89, 9005.65, 8818.24, 9220, 9938.65, 9392.36, 9251.44, 9196.12, 9773.54, 9312.53 
8889.77, 8810.93, 9363.84, 10095.4, 9005.65, 9599.97, 9379.33, 9049.69, 9939.71, 9260.7, 9246.4, 9075.11, 9343.61 
10633.7, 8466.25, 8731.73, 8955.01, 9833.29, 9011.24, 9473.53, 9336.8, 9699.79, 9410, 9791.23, 9105.4, 9281.55 
10117.5, 9033.44, 8790.05, 9250.49, 8652.84, 8472.71, 9775.81, 9313.5, 9528.95, 8897.72, 8997.72, 9189.22, 9429.63 
9343.29, 8466.25, 8967.34, 10533.1, 9150.76, 9744.95, 9568.69, 9608.99, 9667.53, 9297.8, 9458.88, 8806.98, 9556.16 
10017.3, 8257.71, 9941.94, 9579.61, 9242.65, 9300.95, 9379.33, 8716.77, 9797.23, 9279.23, 9398.9, 9351.4, 9158.65 
10320.9, 12124.5, 7875.76, 10273.4, 11085.8, 9632, 8733.12, 9267.07, 9402.8, 9381.82, 9606.14, 10096.3, 9413.93 
7431.84, 12004.1, 8731.73, 9484.4, 10132.5, 9071.47, 10335.6, 9501.55, 9983.97, 9466.61, 8676.51, 9312.53, 9500.59 
7071.09, 9832.86, 8967.34, 11409.4, 8397.33, 9488.7, 10589.5, 9573.04, 9689.03, 9590.43, 9649.89, 8917.72, 9343.61 
7889.11, 10756.5, 8907.85, 10480.7, 9716.1, 8774.29, 9789.78, 10177.4, 9014.23, 9533.08, 9800.13, 9604.04, 9120.58 
7285.38, 7739.22, 10347, 9821.83, 9852.95, 9193.15, 9514.2, 9657.13, 10039.6, 9141.13, 9104.65, 9413.93, 9954.32 
7071.09, 11944.4, 8142.3, 10745.7, 8862.83, 10058.2, 9845.85, 8826.36, 9309.28, 9196.12, 9711.48, 9304.77, 8999.82 
8374.51, 7974.35, 9301.72, 10907.9, 9298.22, 9777.46, 9011.78, 9681.29, 9862.74, 9514.04, 9952.71, 9382.61, 9335.83 
10740, 10233.2, 10210.2, 8497.51, 10011.7, 8862.41, 9803.77, 10051, 9381.94, 9457.15, 9588.7, 9158.65, 9052.45 
7285.38, 9590.66, 9584.55, 9945.23, 9391.59, 9892.12, 9206.85, 9220.88, 9884.67, 9344.39, 8989.55, 9508.51, 8888.05 
9531.11, 9981.11, 9616.5, 9044.91, 9410.37, 10227.2, 8947.67, 9729.79, 9819.02, 10001.6, 9441.7, 9798, 9304.77 
10528.4, 8899.27, 10732.8, 10196.7, 9951.89, 9394.36, 9958.95, 9163.46, 9371.52, 9533.08, 9246.4, 9120.58, 9757.27 
9250.78, 7739.22, 8417.85, 9090.2, 8898.32, 9254.6, 9678.6, 9430.59, 9288.63, 8862.21, 9606.14, 9304.77, 9979.23 
7581.24, 8810.93, 9332.73, 9508.11, 9114.27, 9285.47, 10189.1, 9186.38, 9329.98, 9971.69, 8827.63, 9620.06, 9508.51 
8291.59, 11194.5, 10485.7, 8329.43, 9932.02, 9520.36, 10016, 8926.17, 9392.36, 9951.77, 9271.64, 9516.44, 9492.68 
11400.8, 9124.01, 9363.84, 10145.9, 8898.32, 9239.2, 9473.53, 9015.83, 9423.71, 9628.85, 9246.4, 9204.55, 9822.51 
9436.74, 8216.62, 10520.6, 9250.49, 10031.8, 9300.95, 9568.69, 9371.86, 8796.65, 9485.55, 9263.22, 9429.63, 9445.35 
8209.48, 9448.22, 8644.99, 9531.88, 9504.86, 8921.64, 9286.06, 9313.5, 9186.04, 9735.31, 9970.82, 8575.3, 9289.28 
8374.51, 9542.94, 9457.8, 8413.05, 9872.66, 9842.82, 8947.67, 9117.78, 9786.36, 9344.39, 8803.6, 9351.4, 9204.55 
10424.1, 7548.58, 8007.92, 8932.68, 8566.81, 9147.33, 9596.05, 9852.11, 8994.23, 9715.87, 9649.89, 8962.41, 9461.1 
9343.29, 8854.99, 10912.9, 9090.2, 8347.14, 9193.15, 9720.14, 9027.1, 10174.3, 9504.53, 9347.79, 9320.29, 8992.32 
9250.78, 8680.06, 9426.38, 10612.4, 9187.41, 9696.38, 9527.79, 9827.53, 9413.25, 8800.42, 9038.7, 9468.99, 9044.92 
8374.51, 9832.86, 10041.7, 9651.64, 9600.3, 9331.98, 9664.79, 9525.32, 9518.38, 9353.73, 9737.99, 9937.75, 9532.31 
12469, 9033.44, 9875.98, 9603.56, 9410.37, 10949.9, 10059, 9325.15, 9476.19, 9600.02, 9096.38, 9855.3, 9636.1 
7657.06, 10387.5, 9680.72, 10402.5, 9096.07, 9615.97, 9706.28, 9741.96, 9423.71, 9648.12, 9693.84, 9374.8, 9500.59 
7071.09, 10131.6, 9777.86, 10638.9, 9581.14, 8951.41, 9874, 9395.31, 9476.19, 9686.77, 9296.96, 9540.25, 9281.55 
7285.38, 9354.43, 10661.6, 8955.01, 9096.07, 9026.26, 9325.92, 9290.26, 9560.76, 9023.11, 9720.31, 9620.06, 9120.58 
11630, 8094.58, 10075.2, 9437.15, 9059.79, 9991.46, 8597.04, 9913.85, 9699.79, 9260.7, 9667.45, 9692.46, 9090.24 
10740, 9033.44, 10626.2, 9772.9, 9169.07, 9316.45, 9473.53, 9466, 9624.68, 8915.52, 9467.48, 9588.06, 9060 
12593.7, 9686.82, 8306.52, 11211.7, 10173.1, 9316.45, 10059, 9061, 9582.02, 9533.08, 9729.14, 9636.1, 9540.25 
8047.7, 8175.74, 9457.8, 9320.05, 10503.6, 9958.24, 8833.44, 8926.17, 9742.98, 9706.16, 9030.49, 9166.28, 10274.5 
9343.29, 9832.86, 8907.85, 9022.35, 10715.5, 9777.46, 8758.09, 9163.46, 9268.02, 9764.55, 9347.79, 9724.81, 9652.17 
11176.2, 8340.5, 10347, 10853.6, 8951.82, 9859.22, 8973.26, 9585.01, 9571.38, 9023.11, 9943.67, 9166.28, 9492.68 
9343.29, 8340.5, 9680.72, 9296.8, 9372.84, 9239.2, 9460.02, 8760.44, 9237.19, 9619.23, 8731.89, 9806.16, 9596.05 
7001.07, 8014.22, 9745.38, 10935.2, 9224.2, 9826.44, 8922.16, 10126.7, 9928.68, 9457.15, 8827.63, 9351.4, 9312.53 
8889.77, 8382.21, 9270.81, 7708.95, 9391.59, 9011.24, 9527.79, 10013.4, 9895.65, 8396.52, 9246.4, 9320.29, 8992.32 
9250.78, 11885, 9027.23, 8246.65, 9059.79, 9632, 9246.37, 10051, 9064.42, 9307.1, 9313.87, 9289.28, 9429.63 
7581.24, 9542.94, 7771.61, 9044.91, 8774.72, 9086.59, 10189.1, 9608.99, 9034.27, 9882.38, 9038.7, 9250.67, 9421.78 
13105.1, 9495.46, 8530.66, 9772.9, 7845.76, 9378.73, 9379.33, 9152.02, 9371.52, 9113.76, 9737.99, 9421.78, 9029.86 
12102.3, 9124.01, 10278.4, 9748.53, 9205.78, 9744.95, 9406.15, 9561.09, 9497.26, 9269.96, 9588.7, 10087.9, 9390.43 
8374.51, 9832.86, 8417.85, 9250.49, 9696.7, 9793.76, 10335.6, 9174.91, 9165.66, 10011.6, 9356.29, 9250.67, 9189.22 
10017.3, 8135.06, 9648.56, 9135.71, 9354.13, 9363.12, 9392.73, 9313.5, 9732.17, 9485.55, 9221.23, 9863.51, 9227.58 
6661.23, 8094.58, 9843.17, 10120.6, 9466.95, 9504.52, 9958.95, 9525.32, 9361.12, 9269.96, 9484.7, 9429.63, 9212.22 
9159.17, 8810.93, 7771.61, 10350.6, 9600.3, 9584, 9902.24, 10139.3, 8786.88, 9991.64, 9649.89, 8940.04, 9572.09 
10528.4, 10031, 9087.52, 8843.9, 9114.27, 10058.2, 8733.12, 9525.32, 9862.74, 9619.23, 9347.79, 9335.83, 8992.32 
8628.3, 10335.8, 11207.4, 9484.4, 8313.85, 8529.34, 10650.1, 9255.5, 9840.85, 9307.1, 9755.7, 9453.22, 9516.44 
10117.5, 8723.46, 9941.94, 8144.32, 9096.07, 9568.05, 9102.29, 9693.39, 9361.12, 9438.26, 9450.29, 10146.9, 9250.67 
6795.14, 7473.65, 9395.06, 8497.51, 8739.72, 9270.02, 9365.95, 9301.87, 9114.9, 9410, 9606.14, 9166.28, 9757.27 
8542.86, 8854.99, 8389.88, 9895.69, 8862.83, 9777.46, 9859.91, 9561.09, 10322.2, 9168.59, 8989.55, 9644.13, 9328.06 
10424.1, 8723.46, 8848.75, 8625.79, 9971.79, 9842.82, 9817.77, 9815.26, 9829.93, 8942.3, 9844.76, 9075.11, 9468.99 
7968.01, 10544.1, 8169.44, 9821.83, 9638.75, 9208.47, 8745.6, 9876.76, 9034.27, 9104.66, 9658.67, 9250.67, 9749.14 
10740, 10544.1, 9489.33, 7805.81, 8951.82, 9810.09, 8770.6, 9466, 8757.65, 10275.2, 9998.04, 9335.83, 9636.1 
9722.71, 10918.7, 8362, 10145.9, 8182, 9208.47, 8671, 9371.86, 9034.27, 9428.83, 9782.34, 10274.5, 9359.19 
6795.14, 10703, 8937.55, 11495.2, 10173.1, 9071.47, 9352.58, 9705.51, 9278.32, 9561.71, 9632.37, 9596.05, 9540.25 
7657.06, 9448.22, 8819.35, 8497.51, 8951.82, 9056.38, 8770.6, 9705.51, 9064.42, 8730.32, 9096.38, 9556.16, 9173.92 
10320.9, 10233.2, 8702.72, 8977.4, 10997.5, 8966.33, 9063.39, 9717.64, 9104.78, 8888.83, 9096.38, 9044.92, 9212.22 
12846.8, 8988.49, 9057.33, 8455.17, 8739.72, 9568.05, 9233.18, 9754.13, 9603.32, 9186.94, 9606.14, 10274.5, 8992.32 
9343.29, 8135.06, 8306.52, 9508.11, 9466.95, 9378.73, 9193.71, 9174.91, 9392.36, 9991.64, 9685.04, 8940.04, 9863.51 
8801.75, 8636.87, 11022.4, 8329.43, 10132.5, 8249.91, 10030.3, 10051, 9135.17, 10357.7, 8965.07, 9335.83, 9235.27 
7657.06, 8636.87, 10312.6, 9227.42, 9716.1, 8877.18, 9167.5, 9278.66, 9444.66, 9590.43, 9322.34, 9540.25, 9676.32 
10955.9, 9124.01, 9457.8, 9343.35, 9354.13, 8936.51, 9734.03, 8837.4, 9216.7, 9764.55, 9364.79, 9700.54, 9847.09 
9159.17, 8767.09, 10312.6, 10376.5, 10254.7, 9925.12, 9246.37, 9633.03, 9206.46, 9269.96, 9364.79, 9266.09, 8697.61 
10633.7, 9783.94, 8115.24, 8625.79, 9991.74, 9270.02, 8658.63, 8915.02, 9518.38, 9523.56, 9623.62, 8969.88, 9508.51 
8889.77, 9832.86, 9240.01, 9067.52, 9316.82, 9208.47, 9623.49, 9209.37, 9972.88, 9177.76, 9458.88, 9343.61, 9749.14 
10740, 11363.2, 7319.7, 10196.7, 8583.95, 10058.2, 9128.32, 9608.99, 9434.18, 9533.08, 9755.7, 9235.27, 9830.7 
11287.9, 9590.66, 8334.22, 8712.38, 8951.82, 8966.33, 9180.6, 8859.51, 9444.66, 9590.43, 9330.81, 9822.51, 9732.91 
11746.3, 8340.5, 8559.1, 9067.52, 8264.16, 9696.38, 9664.79, 9174.91, 9145.32, 9667.43, 9925.61, 9281.55, 8865.87 
9531.11, 8636.87, 9843.17, 8690.65, 10031.8, 9285.47, 9637.24, 9072.33, 9044.31, 8835.68, 9623.62, 8836.37, 9871.73 
9722.71, 9981.11, 8848.75, 8999.85, 8481.65, 9908.61, 9233.18, 10051, 9678.27, 9168.59, 9246.4, 8902.88, 9281.55 
10218.7, 9542.94, 7928.36, 8647.35, 9224.2, 9696.38, 9500.62, 9152.02, 9560.76, 9419.41, 9096.38, 9320.29, 9335.83 
10218.7, 8216.62, 9875.98, 10070.2, 10254.7, 9648.06, 9312.61, 8903.89, 9613.99, 9113.76, 9179.42, 9343.61, 9979.23 
8628.3, 8216.62, 10381.5, 9531.88, 9716.1, 10364.3, 9419.59, 8892.77, 9507.81, 9764.55, 9104.65, 9921.2, 9516.44 
8209.48, 9124.01, 10876.7, 11183.7, 10295.8, 9958.24, 9446.52, 9466, 9507.81, 9971.69, 9441.7, 9588.06, 9524.37 
9918.16, 8943.77, 9648.56, 9508.11, 9813.66, 10329.9, 9514.2, 8469.86, 8757.65, 9457.15, 9088.12, 9022.34, 9789.84 
11176.2, 8680.06, 9301.72, 9343.35, 9991.74, 9615.97, 8720.66, 9140.59, 10151.7, 9400.6, 9129.51, 9289.28, 9304.77 
9819.95, 7473.65, 8007.92, 10376.5, 8880.55, 9086.59, 9623.49, 9803, 9497.26, 9745.05, 9162.75, 9258.38, 9304.77 
10847.4, 8424.12, 8702.72, 8625.79, 9354.13, 9615.97, 9365.95, 9754.13, 9476.19, 9686.77, 9614.88, 9484.78, 9204.55 
5852.85, 9542.94, 11282.2, 8668.97, 9242.65, 9347.54, 8671, 9117.78, 9247.45, 9372.45, 9649.89, 9700.54, 9181.57 
10218.7, 8810.93, 8760.84, 8205.56, 9448.05, 8444.54, 10320.8, 9209.37, 8660.93, 9764.55, 9171.08, 9181.57, 9798 
8047.7, 9882.03, 8559.1, 9135.71, 9096.07, 10210.1, 10001.7, 9766.33, 9084.58, 9686.77, 9179.42, 9227.58, 9532.31 
7431.84, 10544.1, 8196.67, 10324.8, 10295.8, 9875.66, 8708.22, 8749.51, 9710.57, 10021.7, 9623.62, 9604.04, 9445.35 
7581.24, 9783.94, 9395.06, 9699.96, 10051.8, 9026.26, 9299.32, 9027.1, 9024.24, 9419.41, 9579.99, 9413.93, 9359.19 
10528.4, 8680.06, 9270.81, 10506.9, 8280.69, 8430.48, 9902.24, 9729.79, 9667.53, 9706.16, 9562.59, 9588.06, 8504.15 
11630, 7399.46, 9680.72, 9484.4, 10173.1, 9193.15, 9286.06, 9901.47, 9884.67, 9159.43, 9356.29, 9382.61, 9128.18 
12593.7, 8767.09, 10555.7, 9390.13, 10672.8, 9875.66, 9747.94, 9608.99, 9340.35, 9784.09, 9545.23, 9732.91, 9830.7 
11630, 10031, 8819.35, 8185.1, 9242.65, 9568.05, 9831.8, 9430.59, 8875.15, 9657.77, 9129.51, 9304.77, 9757.27 
9626.43, 9448.22, 10661.6, 9296.8, 8739.72, 9132.11, 9272.81, 9754.13, 9165.66, 9600.02, 9501.96, 8873.26, 9351.4 
12975.3, 9832.86, 10626.2, 9158.55, 8430.95, 9026.26, 9775.81, 9537.23, 9571.38, 9186.94, 9146.11, 9524.37, 9524.37 
10424.1, 10335.8, 8278.93, 9895.69, 8635.56, 9488.7, 9720.14, 9325.15, 9175.84, 9269.96, 9571.29, 9548.2, 10180.8 
13368.5, 9735.26, 10555.7, 8476.31, 10275.2, 9892.12, 9406.15, 9693.39, 9074.5, 9168.59, 9254.81, 9781.69, 9242.97 
9343.29, 9261.57, 8790.05, 8497.51, 9077.91, 9457.15, 10711.1, 9255.5, 9710.57, 9316.41, 9288.51, 9297.02, 9516.44 
12345.5, 9448.22, 10840.5, 9296.8, 8898.32, 9041.31, 9930.55, 9608.99, 9528.95, 8888.83, 9055.14, 9281.55, 9732.91 
7657.06, 9354.43, 8007.92, 8185.1, 8532.65, 9378.73, 9365.95, 10013.4, 9775.5, 9561.71, 9271.64, 9548.2, 9398.26 
7657.06, 12368.8, 9426.38, 9651.64, 10112.3, 10008.1, 9419.59, 9573.04, 8565.27, 9677.1, 9545.23, 9166.28, 9219.89 
6795.14, 9215.49, 9117.81, 10799.5, 9242.65, 9536.23, 8248.35, 10126.7, 9624.68, 9951.77, 9871.64, 9757.27, 9749.14 
10017.3, 9495.46, 9908.9, 9508.11, 9410.37, 8936.51, 9958.95, 9049.69, 8709.16, 9476.08, 9305.41, 9684.39, 9684.39 
6401.27, 10756.5, 11207.4, 9871.01, 9932.02, 10210.1, 9623.49, 9442.38, 9014.23, 9725.58, 9416, 9196.88, 9668.26 
7213.24, 8508.59, 8502.32, 8604.27, 9932.02, 9394.36, 9582.36, 9754.13, 9371.52, 9205.32, 9154.43, 9090.24, 9421.78 
11863.8, 9638.62, 9810.46, 8888.18, 9971.79, 9270.02, 8973.26, 9608.99, 9206.46, 9428.83, 9606.14, 9390.43, 9437.49 
9250.78, 9686.82, 10244.2, 8497.51, 9096.07, 9664.14, 9011.78, 9669.2, 9196.25, 9344.39, 8843.69, 9281.55, 9281.55 
9531.11, 7436.46, 9941.94, 9343.35, 9354.13, 9270.02, 9916.38, 9525.32, 9434.18, 8818.03, 9014.09, 9847.09, 8726.64 
6727.85, 8854.99, 8848.75, 9227.42, 9354.13, 8862.41, 9089.3, 9140.59, 9350.73, 9981.66, 9871.64, 9453.22, 8851.11 
6931.75, 9783.94, 9148.21, 9724.22, 9391.59, 9425.7, 9473.53, 9430.59, 9135.17, 9892.27, 8574.61, 9708.62, 9492.68 
7431.84, 8854.99, 10210.2, 8350.26, 9813.66, 9859.22, 8783.13, 9573.04, 9135.17, 9823.29, 9746.84, 9636.1, 9516.44 
9436.74, 7777.92, 8587.63, 7844.89, 9600.3, 9056.38, 9527.79, 9549.15, 9840.85, 9803.67, 9229.61, 9151.02, 9596.05 
8047.7, 8382.21, 9552.7, 8690.65, 9794.07, 8981.28, 9500.62, 9209.37, 9497.26, 9307.1, 9658.67, 9421.78, 9304.77 
10847.4, 8135.06, 10075.2, 10665.5, 8969.73, 10159.3, 9500.62, 8480.45, 9689.03, 9457.15, 9179.42, 9445.35, 9484.78 
11287.9, 8988.49, 8967.34, 9871.01, 9504.86, 9208.47, 9299.32, 9072.33, 8964.31, 9657.77, 9676.24, 9189.22, 9158.65 
9918.16, 9590.66, 9395.06, 8777.89, 10524.6, 9363.12, 9859.91, 9477.84, 9145.32, 9325.72, 8924.43, 9359.19, 9830.7 
11287.9, 9078.61, 10912.9, 10070.2, 9852.95, 9177.85, 10262.1, 9839.81, 8974.27, 9041.17, 9527.9, 9007.32, 9212.22 
8889.77, 8593.89, 9552.7, 11352.5, 9429.19, 8730.56, 10424.5, 9454.18, 9961.81, 9457.15, 9356.29, 9044.92, 8947.49 
7889.11, 9354.43, 8907.85, 10222.2, 8214.76, 9793.76, 9706.28, 8937.33, 9145.32, 9686.77, 9952.71, 9516.44, 9484.78 
10320.9, 8299, 10985.8, 9508.11, 9150.76, 9793.76, 8884.03, 8948.5, 9486.72, 8996.09, 9229.61, 9289.28, 9500.59 
6795.14, 8767.09, 8278.93, 9390.13, 8987.67, 9193.15, 9706.28, 9371.86, 9862.74, 9686.77, 9364.79, 9461.1, 9406.09 
8978.68, 10756.5, 9777.86, 8350.26, 8670.14, 9378.73, 8119.83, 9889.11, 9288.63, 8951.24, 8973.22, 9532.31, 9716.71 
9819.95, 8508.59, 9680.72, 9871.01, 9658.03, 9116.91, 9115.3, 9336.8, 8994.23, 9735.31, 9450.29, 9421.78, 9281.55 
10424.1, 8382.21, 9057.33, 10095.4, 9077.91, 9941.67, 8833.44, 9220.88, 9624.68, 9260.7, 9347.79, 9888.2, 9266.09 
8374.51, 9033.44, 9426.38, 8799.84, 10337, 9071.47, 9568.69, 9267.07, 9539.54, 9159.43, 9467.48, 9227.58, 9204.55 
11065.5, 7895.19, 11096.1, 8977.4, 9096.07, 9101.74, 10016, 9336.8, 9764.65, 10011.6, 8676.51, 9204.55, 9398.26 
9819.95, 7399.46, 9713, 9531.88, 9372.84, 9859.22, 9419.59, 10000.9, 9560.76, 9793.87, 9246.4, 9524.37, 9500.59 
7889.11, 10491.6, 9975.08, 10070.2, 9077.91, 8458.61, 9473.53, 9827.53, 9939.71, 9447.7, 9476.09, 9461.1, 9398.26 
10633.7, 9078.61, 9240.01, 9437.15, 9187.41, 10142.4, 9446.52, 9790.76, 9582.02, 9205.32, 9055.14, 8843.74, 9227.58 
9918.16, 8299, 10840.5, 9343.35, 9316.82, 8543.56, 9541.4, 9466, 8944.42, 9344.39, 9467.48, 9684.39, 9468.99 
8209.48, 9078.61, 8819.35, 10454.5, 9716.1, 9363.12, 10044.6, 8793.34, 9084.58, 9325.72, 9658.67, 8954.94, 9896.44 
7889.11, 7624.27, 9489.33, 8843.9, 9872.66, 9826.44, 9637.24, 9278.66, 9560.76, 9638.48, 9597.42, 9281.55, 8925.15 
8458.27, 10182.3, 7954.79, 8821.84, 9932.02, 8981.28, 9568.69, 9489.69, 9476.19, 9438.26, 9562.59, 9242.97, 9398.26 
13773.6, 9882.03, 9426.38, 10880.7, 9735.53, 9071.47, 9609.76, 10088.8, 9350.73, 10142.6, 9179.42, 9250.67, 8984.84 
7141.81, 7624.27, 9027.23, 9508.11, 9114.27, 9011.24, 9460.02, 9988.44, 9135.17, 9104.66, 9339.3, 9429.63, 9406.09 
8628.3, 10182.3, 8997.24, 10020, 9523.87, 9132.11, 9623.49, 9015.83, 9786.36, 9476.08, 9030.49, 9281.55, 8954.94 
9436.74, 8899.27, 8034.62, 8023.2, 8430.95, 9285.47, 9916.38, 9418.82, 10253.7, 9260.7, 9398.9, 9189.22, 9075.11 
8801.75, 10491.6, 10278.4, 7983.23, 9485.89, 10210.1, 9180.6, 8970.89, 9044.31, 9325.72, 9398.9, 9173.92, 9343.61 
6401.27, 8899.27, 8967.34, 8843.9, 9504.86, 9147.33, 10116.6, 9839.81, 9278.32, 9335.05, 9597.42, 8984.84, 9374.8 
9159.17, 9638.62, 10590.9, 9044.91, 8583.95, 8966.33, 9500.62, 8948.5, 9298.95, 8739.05, 9071.61, 9524.37, 8712.11 
7889.11, 11028.2, 9648.56, 8821.84, 9833.29, 10697.5, 9817.77, 8903.89, 9371.52, 9706.16, 8803.6, 9620.06, 9037.38 
8374.51, 10131.6, 8937.55, 9250.49, 10316.3, 8921.64, 8695.79, 9889.11, 9635.37, 9735.31, 8892.04, 9604.04, 9620.06 
8978.68, 9882.03, 11170.2, 9871.01, 10399.1, 10210.1, 9637.24, 10139.3, 8257.03, 9307.1, 9606.14, 9328.06, 9250.67 
8374.51, 9735.26, 9875.98, 9090.2, 8933.95, 9331.98, 9050.46, 9061, 9216.7, 9232.97, 9467.48, 8770.37, 9289.28 
9722.71, 7934.67, 9941.94, 10095.4, 10566.7, 9958.24, 9419.59, 9095.02, 9518.38, 9269.96, 9288.51, 9904.69, 9508.51 
5624.44, 8216.62, 9489.33, 9044.91, 8792.27, 8629.36, 8402.88, 9839.81, 9939.71, 9504.53, 9755.7, 9212.22, 9445.35 
9531.11, 9735.26, 8251.42, 9460.74, 8969.73, 9826.44, 8871.35, 8565.63, 9667.53, 9186.94, 9238, 9604.04, 9524.37 
8458.27, 9078.61, 10661.6, 8690.65, 10011.7, 9584, 9692.43, 9645.07, 9571.38, 8897.72, 9826.89, 9765.4, 9413.93 
8978.68, 11306.7, 9332.73, 8821.84, 9354.13, 9680.25, 9272.81, 9152.02, 8835.81, 9774.31, 8883.97, 9044.92, 9266.09 
9250.78, 8216.62, 8997.24, 9320.05, 9132.5, 9254.6, 9154.42, 9313.5, 8964.31, 9279.23, 9416, 9312.53, 9445.35 
6337.88, 8767.09, 9117.81, 9273.62, 10193.4, 8774.29, 9958.95, 9633.03, 9646.08, 9279.23, 8956.93, 9273.82, 9429.63 
10218.7, 7399.46, 9713, 8777.89, 9169.07, 9826.44, 9037.55, 9657.13, 8565.27, 8897.72, 9154.43, 9219.89, 9067.55 
8889.77, 8854.99, 8848.75, 8540.05, 8898.32, 9520.36, 9233.18, 9186.38, 9539.54, 9177.76, 9313.87, 9564.12, 9888.2 
8889.77, 8424.12, 9148.21, 8226.08, 9504.86, 8981.28, 10001.7, 9633.03, 9455.16, 9363.09, 8543.5, 9773.54, 8977.35 
11863.8, 10284.3, 9616.5, 9651.64, 9023.66, 9793.76, 9392.73, 10254, 9196.25, 9325.72, 9313.87, 9904.69, 9556.16 
8291.59, 8508.59, 9057.33, 8561.41, 9279.66, 9941.67, 9500.62, 9106.39, 9014.23, 9122.88, 9519.24, 9476.88, 9382.61 
8374.51, 10335.8, 8673.81, 9273.62, 8951.82, 8774.29, 9089.3, 8970.89, 10073.1, 9542.61, 8916.32, 9289.28, 9112.99 
8128.19, 8723.46, 8251.42, 9343.35, 10694.2, 9177.85, 9596.05, 9657.13, 9528.95, 9307.1, 9952.71, 9798, 9196.88 
10740, 8988.49, 9975.08, 8821.84, 9316.82, 9285.47, 9692.43, 9549.15, 9371.52, 9725.58, 9693.84, 9556.16, 9628.08 
13502.2, 10131.6, 7875.76, 8955.01, 8601.12, 10058.2, 8213.1, 9741.96, 8845.63, 9288.51, 9055.14, 9128.18, 8829.02 
11514.8, 9169.63, 8007.92, 10247.8, 9562.01, 9026.26, 10059, 9290.26, 9423.71, 10001.6, 9493.32, 8977.35, 9250.67 
11982.4, 8899.27, 8790.05, 10145.9, 9912.2, 9842.82, 9859.91, 9827.53, 9710.57, 9059.26, 9330.81, 9343.61, 9143.4 
8458.27, 11477.2, 9680.72, 9627.57, 8792.27, 10142.4, 8934.91, 9573.04, 9268.02, 9813.47, 9562.59, 9297.02, 8799.64 
9626.43, 8810.93, 8034.62, 10559.5, 9504.86, 8981.28, 8414.88, 8738.58, 9884.67, 9410, 9729.14, 9007.32, 9359.19 
8209.48, 7399.46, 10804.5, 9296.8, 8652.84, 9584, 9487.07, 9741.96, 9582.02, 9523.56, 9782.34, 9128.18, 9242.97 
10424.1, 7473.65, 10008.3, 8843.9, 9485.89, 9584, 10232.8, 8576.34, 9465.67, 9251.44, 9685.04, 9351.4, 9181.57 
9159.17, 9590.66, 10876.7, 9413.61, 8566.81, 9394.36, 9817.77, 9371.86, 9104.78, 9696.46, 9729.14, 8984.84, 8940.04 
9531.11, 9448.22, 9148.21, 9460.74, 7752.25, 8543.56, 9206.85, 8948.5, 9862.74, 9005.09, 9022.28, 9227.58, 9896.44 
8458.27, 10544.1, 9240.01, 10692.2, 9242.65, 9648.06, 9973.18, 8959.69, 9206.46, 9132, 9880.62, 9181.57, 9052.45 
9068.48, 8551.13, 7928.36, 9871.01, 8951.82, 9270.02, 9233.18, 10051, 9288.63, 9068.32, 9271.64, 10240.3, 9724.81 
8209.48, 8508.59, 9178.71, 10428.5, 10193.4, 8951.41, 9167.5, 9442.38, 8924.57, 9104.66, 9641.13, 10172.3, 9304.77 
8978.68, 9735.26, 9057.33, 9413.61, 10440.8, 10058.2, 9789.78, 9407.06, 9392.36, 8747.79, 9970.82, 9219.89, 9204.55 
8128.19, 8216.62, 10912.9, 10171.3, 9279.66, 10075, 10469.2, 8959.69, 9413.25, 9391.21, 9221.23, 9250.67, 9297.02 
12102.3, 9033.44, 9489.33, 8647.35, 9448.05, 9842.82, 8833.44, 10357, 9656.8, 8978.13, 9280.07, 9863.51, 9652.17 
7071.09, 10918.7, 8306.52, 11017.4, 9077.91, 9552.13, 9128.32, 9466, 9340.35, 9438.26, 9606.14, 9445.35, 9741.03 
9918.16, 9832.86, 9648.56, 8977.4, 9005.65, 9712.55, 9747.94, 9325.15, 9206.46, 9381.82, 9606.14, 10223.2, 9060 
10320.9, 7895.19, 9941.94, 9181.45, 9852.95, 9793.76, 9392.73, 9754.13, 9906.65, 9059.26, 9154.43, 9445.35, 9765.4 
7506.17, 11083.3, 8997.24, 9390.13, 10193.4, 8458.61, 9541.4, 9790.76, 10117.9, 9041.17, 9313.87, 9652.17, 9289.28 
11514.8, 10756.5, 8907.85, 8888.18, 10399.1, 9441.41, 9286.06, 9049.69, 9528.95, 9628.85, 9296.96, 9421.78, 9328.06 
8801.75, 9261.57, 9178.71, 9413.61, 9335.46, 8818.24, 9299.32, 9827.53, 9402.8, 9159.43, 10089.3, 9143.4, 9660.21 
8542.86, 8767.09, 9363.84, 9995.03, 8198.36, 9504.52, 8934.91, 9477.84, 10006.2, 9381.82, 9347.79, 9235.27, 9724.81 
