18750.8, 21303.1, 19215.4, 24253, 24555.1, 24558.1, 23287.6, 23416.8, 23091.4, 22587.5, 23490.7, 22314.3, 23792.5 
22879.7, 18899.7, 21951.4, 23537, 22805.2, 25347.6, 20803.9, 22053.9, 25041.4, 23532.4, 22002.9, 24252.7, 24272.9 
24530.3, 26399, 23540.4, 25431.3, 22623.7, 22975.5, 24480.8, 22640.1, 24600.4, 23887.9, 23088.6, 23812.3, 22917.1 
25781.6, 19377, 22618.8, 21353, 21521.3, 28529, 26405, 22443, 22709.9, 23792.6, 21903.2, 21927.3, 23438.4 
21986.9, 24132.2, 24256.1, 21088.1, 27352.7, 22259.9, 25919.4, 23740.8, 23926.8, 24248.7, 20460.1, 22351.5, 23614.7 
28763.8, 24989.7, 19865.7, 22334.6, 23830.1, 24435.7, 21963.7, 21456, 21675, 22052.1, 23619.1, 23693.6, 23891.8 
21553.7, 26531, 26272.9, 21353, 22398.8, 23206.2, 23454.5, 22555.4, 24600.4, 23461.9, 24249.8, 24091.6, 23070.3 
27096.8, 27473.7, 22618.8, 23129.2, 22220.5, 21281.1, 23723.9, 23241.9, 22609.3, 21920.3, 22631.6, 22955.3, 23243.9 
17664, 23420.7, 24745.3, 24192.5, 22988.2, 23400.2, 22471.1, 22810.5, 21650.9, 22519.9, 21083, 21963.9, 24435.2 
25781.6, 25240.2, 20469.7, 22334.6, 21564.4, 21746.9, 21072.9, 24009.3, 20733.2, 24937, 22345.5, 23166.6, 22426.1 
18750.8, 22281.2, 25160.5, 27478.1, 24801.6, 24970.5, 24868.3, 25334.3, 22063.6, 24176.1, 25492.6, 21547, 22000.5 
25526.3, 23537.8, 19087.9, 19131.3, 26865.2, 24476.4, 21683.3, 19807.3, 23636.3, 21942.2, 23597.7, 23321.5, 23931.6 
21129, 25620.7, 21303.7, 23303.1, 25556.2, 22520.9, 24133.8, 23711.2, 21340.6, 23368.3, 23683.6, 22332.9, 23971.5 
28197, 20165.8, 23697.6, 21567.3, 22896.5, 22899.1, 21652.3, 22499.1, 22484.1, 23228.6, 23025.7, 24435.2, 23752.8 
21553.7, 20266.6, 23935.4, 24866.2, 23034.2, 22785, 23521.5, 22164.4, 22459.1, 24273, 24538, 22037.2, 22594.8 
21129, 24374.2, 19733.9, 19664, 21911.9, 23322.4, 25882.5, 22527.3, 21411.8, 21166.6, 22590.5, 22898, 24783.7 
17664, 23304.2, 23855.8, 20774.5, 25100.8, 25432.1, 22216, 24159.7, 20390.7, 22229.2, 22143.3, 22129.1, 23871.9 
19904.4, 21197.1, 20199, 22842.2, 21521.3, 21034.5, 23287.6, 23652, 21892.7, 21379.3, 23426.7, 22277.1, 21403.9 
24530.3, 23072.9, 24910.6, 21246.6, 26281.2, 23595.9, 23354.2, 20822.2, 21723.2, 22678, 25147.5, 22463.5, 22482.2 
22206.8, 20469.8, 21805.8, 20312.8, 23782.5, 23167.6, 23859.7, 21429.2, 21965.8, 21272.7, 22447.2, 22576, 24151.9 
18750.8, 26137, 24910.6, 22002.5, 22942.3, 23674.6, 23320.9, 23387.6, 25349.2, 22905.8, 22942.2, 22955.3, 22576 
21769.2, 23304.2, 22024.6, 20983, 25709.9, 23361.3, 23421, 22471, 24655.1, 22140.5, 23046.7, 23792.5, 23438.4 
33394.1, 20065.5, 22769.9, 22057.5, 22714.3, 24599, 21995.1, 23155, 22334.8, 21964.1, 21685.3, 21529.1, 23302.1 
15064.1, 23420.7, 27987.8, 21729.5, 23172.7, 23753.6, 22859.4, 23475.4, 25125, 24103.8, 24161.8, 23108.8, 24031.5 
20507.6, 25493.2, 20131.9, 23773.3, 22988.2, 23556.6, 23690, 21998.8, 22484.1, 24321.6, 23109.6, 23812.3, 23477.4 
20712.6, 27611.1, 21162.3, 21406.4, 22850.8, 22520.9, 20538.3, 22640.1, 25803.6, 22519.9, 23109.6, 23693.6, 21982.2 
23808.8, 21409.7, 23618.9, 20983, 26865.2, 22001.9, 23354.2, 22219.8, 22235.8, 21464.9, 23109.6, 22764.9, 24866.4 
39944.4, 19866.3, 21805.8, 22057.5, 26072, 26032, 21745.3, 24341.5, 22334.8, 22791.6, 23533.4, 22708, 22110.7 
29931.8, 19571.2, 23229.1, 26401.9, 23219, 27184, 22990.3, 22527.3, 21388.1, 22474.9, 24096, 21475.4, 23575.4 
20103.5, 23420.7, 26448.4, 22334.6, 20761.1, 24763.4, 21932.3, 22583.6, 24194, 24152, 22734.6, 23477.4, 23614.7 
21340.3, 17713.1, 23540.4, 22390.5, 23405.4, 24152.5, 22311.3, 22896.1, 23297.5, 24812.7, 22879.7, 22670.2, 23282.7 
22206.8, 24012.2, 24418.1, 21193.6, 23546.1, 23439.2, 23488, 20770.3, 23583.8, 22723.4, 21983, 21085.4, 22936.2 
16806.7, 25366.4, 23075, 25431.3, 20431.8, 22747, 22924.8, 21698.6, 21435.6, 21898.4, 23193.7, 23031.9, 22821.8 
19319, 22170.4, 24827.8, 25367.9, 23877.7, 23244.9, 23254.4, 22109.1, 20710.2, 24787.9, 24052.3, 24414.9, 23457.9 
28763.8, 20065.5, 20199, 22223.4, 23219, 24273.5, 24411, 23329.2, 24958.1, 24787.9, 23046.7, 22092.3, 22576 
16640.3, 24012.2, 29914, 25622.5, 22488.5, 22861, 22089.5, 24647.5, 23820.7, 23792.6, 22365.8, 23713.3, 23012.7 
27096.8, 24865.3, 22319.7, 23478.3, 22759.7, 20618.3, 23221.2, 21944, 23900.2, 22997.6, 23426.7, 22258.6, 23536.2 
33394.1, 17537.3, 20952.1, 23714, 23546.1, 21139.8, 21103, 22782, 23715.1, 21898.4, 22631.6, 23224.6, 23812.3 
29051.5, 21409.7, 19151.6, 23361.4, 21435.5, 21783.1, 24099.4, 23475.4, 22735.2, 23135.9, 22083.1, 23497, 24721.8 
23108.5, 22170.4, 19931.9, 24072, 29334, 23992.1, 22664.4, 21349.1, 24819.9, 22206.9, 23512, 22613.7, 23166.6 
22206.8, 23072.9, 25753.5, 20774.5, 28128.7, 23478.3, 21193.6, 23241.9, 23323.4, 23840.2, 22529, 22314.3, 22783.8 
18565.1, 24496, 28552.3, 25944.4, 20719.6, 22148.9, 22057.9, 23241.9, 22735.2, 22860.1, 22858.9, 24131.8, 22745.9 
21769.2, 21091.7, 20882.5, 23187, 21011.5, 25945.5, 23354.2, 22753.5, 21316.9, 22700.7, 23257, 23302.1, 22727 
21986.9, 21732.4, 22468.8, 24132.2, 23640.4, 25389.8, 21437, 23155, 22310, 23959.6, 23943.3, 22917.1, 22821.8 
23339.6, 19965.6, 24095.2, 23773.3, 20927.7, 23992.1, 20863.4, 25429.4, 22014.6, 22362.9, 24139.9, 22974.4, 23166.6 
25273.6, 24865.3, 21374.7, 20878.5, 23735, 20311.6, 23421, 22782, 22760.4, 24516.8, 24762, 23457.9, 23340.9 
16312.4, 21091.7, 23229.1, 24496.4, 24702.7, 22038.6, 23387.6, 22443, 23900.2, 23887.9, 22652.2, 21637, 24293.1 
20712.6, 32067.7, 22694.2, 23303.1, 24801.6, 22747, 21254.2, 24069.3, 22836.4, 23205.4, 22983.9, 23693.6, 22538.4 
25781.6, 22392.6, 24095.2, 22671.8, 22533.5, 23872.6, 25261.9, 23770.5, 25292.9, 22206.9, 23151.6, 21475.4, 20962.8 
20507.6, 24618.5, 22468.8, 23419.8, 22264.9, 23052.1, 23859.7, 21725.7, 23505.4, 23112.8, 23899.8, 23891.8, 22166 
22879.7, 21197.1, 23384.2, 22842.2, 23126.4, 21602.5, 23588.8, 25556.8, 22459.1, 21811, 24739.5, 23263.3, 22482.2 
27096.8, 26007, 23540.4, 21299.8, 22896.5, 25095.6, 24975, 23446.1, 23040.2, 23043.6, 22963, 22613.7, 23595.1 
18938.3, 24132.2, 19151.6, 24742.3, 21350, 19613.5, 23521.5, 24863.9, 22137.2, 22700.7, 24360.2, 23263.3, 23379.9 
22206.8, 18712.1, 19865.7, 27137.1, 22714.3, 21175.1, 22375.1, 20512.4, 22211.1, 22407.6, 22224, 22936.2, 22055.5 
17840.7, 22617.1, 19865.7, 22899.3, 25302.2, 22148.9, 22859.4, 22247.6, 22811, 24152, 22203.8, 24051.5, 23224.6 
17489.1, 25620.7, 25244.4, 22728.4, 22714.3, 22822.9, 23622.5, 23593, 22709.9, 22295.9, 23405.4, 22314.3, 21945.6 
28197, 28027.3, 23540.4, 24253, 27682.6, 25053.8, 26976.5, 21725.7, 23847.2, 24615, 21823.7, 22482.2, 22670.2 
15214.8, 24865.3, 24993.6, 25115.8, 22398.8, 22671.4, 24376.2, 25176.5, 22785.7, 22928.7, 24293.9, 23516.6, 21927.3 
29051.5, 25240.2, 17331.8, 21838.3, 23640.4, 22937.2, 24168.3, 23039.6, 22584.2, 23020.6, 22426.9, 23575.4, 22974.4 
29931.8, 19767.5, 25413, 22785.3, 21737.4, 20549.7, 22247.7, 23212.9, 21531.1, 22700.7, 22284.6, 22444.8, 23282.7 
17144.5, 21841.1, 23855.8, 21567.3, 24021.3, 24476.4, 25153.9, 22247.6, 22088.1, 24467.9, 22838.2, 24804.4, 23438.4 
13502.2, 25748.8, 22468.8, 23595.9, 20637, 24313.9, 22924.8, 22331.1, 22760.4, 24394.6, 23299.3, 23536.2, 23166.6 
27367.7, 30355.7, 23618.9, 22785.3, 20719.6, 23283.6, 23056.1, 24250.4, 23583.8, 22951.7, 24829.6, 23555.8, 24151.9 
18938.3, 24496, 19668.3, 25304.6, 23830.1, 26293.5, 22343.2, 22443, 24194, 24370.2, 23448, 22538.4, 23147.3 
15520.6, 19669.1, 22845.8, 25815.2, 20844.2, 22899.1, 22664.4, 23212.9, 23271.6, 20810, 24030.4, 22129.1, 23438.4 
26299.8, 26007, 23384.2, 24192.5, 21435.5, 23517.4, 21963.7, 24250.4, 22735.2, 22184.8, 24227.8, 22314.3, 22783.8 
26299.8, 26007, 24499.5, 23595.9, 24851.2, 23129, 20509, 22810.5, 23847.2, 23368.3, 23088.6, 21982.2, 21691.1 
23108.5, 32551.1, 23776.6, 25558.6, 22264.9, 25773.2, 22794.2, 22725.1, 21819.9, 22768.9, 24052.3, 22764.9, 23951.5 
28197, 30355.7, 26185.6, 23478.3, 21053.5, 21069.5, 21375.9, 23097.2, 21844.2, 22837.2, 21646, 21781.7, 21691.1 
24775.6, 25620.7, 20744, 24374.4, 24752.1, 20860.1, 24480.8, 22668.4, 23900.2, 22140.5, 23899.8, 22917.1, 23012.7 
21769.2, 23188.3, 28268.6, 18799.8, 21137.8, 25773.2, 25082.2, 22303.2, 24764.8, 23532.4, 21903.2, 22670.2, 24293.1 
27367.7, 15024.9, 21162.3, 23595.9, 25505.2, 22975.5, 23757.8, 25781.3, 22609.3, 21040.1, 22942.2, 22727, 23457.9 
26562.8, 20778.4, 23384.2, 22223.4, 21780.9, 22747, 20597, 22725.1, 22584.2, 22407.6, 23067.6, 21691.1, 23360.4 
24287.4, 23304.2, 20199, 22842.2, 22043.6, 22861, 23056.1, 25684.8, 22310, 22905.8, 22549.5, 22594.8, 22955.3 
26299.8, 23655.5, 21445.9, 22502.6, 21137.8, 22148.9, 24480.8, 21780.1, 22861.8, 20276.2, 23235.9, 23497, 22426.1 
17489.1, 21516.7, 25497.7, 24192.5, 25050.7, 22861, 21559.8, 21429.2, 23505.4, 21637.3, 22817.4, 23340.9, 21927.3 
21986.9, 22843.9, 20813.1, 23303.1, 22942.3, 25602.1, 23354.2, 21242.6, 22359.6, 22030.1, 22447.2, 22859.9, 23595.1 
21129, 25748.8, 24827.8, 23071.5, 23640.4, 23206.2, 23927.9, 23416.8, 22609.3, 22632.7, 23512, 22407.4, 22821.8 
19319, 25366.4, 27802.2, 21675.3, 25302.2, 26601.8, 23221.2, 23329.2, 22014.6, 23205.4, 21083, 25116.2, 24476 
16974.7, 19866.3, 22098, 21567.3, 23546.1, 25517, 21838.6, 24371.9, 21844.2, 21789.2, 24897.3, 24091.6, 21421.8 
29342, 23773.8, 27802.2, 21675.3, 22988.2, 23400.2, 23521.5, 20744.4, 23688.8, 23603.1, 24117.9, 23911.7, 24680.7 
19707.3, 25114.6, 22845.8, 23014, 24069.3, 23753.6, 25118, 22668.4, 23715.1, 23792.6, 23640.6, 23089.5, 24051.5 
19319, 22060.1, 20131.9, 26074.3, 22043.6, 23556.6, 23155, 25082.3, 23688.8, 22768.9, 22549.5, 22632.5, 22092.3 
24775.6, 18070.1, 21589.2, 22558.8, 23640.4, 22259.9, 22535.4, 25781.3, 23014.6, 24713.7, 23151.6, 22898, 25263.1 
21553.7, 23420.7, 22024.6, 19811.9, 24021.3, 23129, 21498.3, 22527.3, 22785.7, 24224.5, 24582.6, 23031.9, 25032.7 
21986.9, 20266.6, 25497.7, 22334.6, 21222.4, 23793.2, 23588.8, 20538.1, 22211.1, 24152, 21823.7, 23536.2, 23614.7 
24530.3, 27887.9, 21303.7, 20363.6, 22264.9, 20687.1, 21193.6, 23740.8, 22811, 22791.6, 22447.2, 23282.7, 22859.9 
20507.6, 24865.3, 22845.8, 23832.7, 24117.5, 21104.7, 23122, 26334.6, 22534.1, 23745.1, 23448, 24111.7, 23205.2 
19319, 20165.8, 25497.7, 22057.5, 23830.1, 20549.7, 22664.4, 21807.3, 21699.1, 23485.4, 22529, 23457.9, 25432 
25273.6, 20368, 18219, 20878.5, 23735, 23714.1, 22794.2, 22867.5, 22088.1, 22474.9, 24515.7, 22426.1, 23555.8 
26299.8, 23773.8, 24095.2, 25879.7, 22443.6, 22222.8, 24133.8, 22415, 21699.1, 23603.1, 22611, 22936.2, 23713.3 
22653.2, 21409.7, 20401.7, 22390.5, 21095.6, 21104.7, 19903.3, 21617.4, 21723.2, 25112.1, 21843.6, 22351.5, 23031.9 
20507.6, 22392.6, 20606.4, 22502.6, 26124.1, 24970.5, 21652.3, 22953.4, 21795.7, 22251.4, 22734.6, 20893.1, 22129.1 
21769.2, 23304.2, 20537.9, 22112.7, 20637, 26824.2, 23188.1, 21725.7, 20345.5, 22096.2, 23067.6, 24212.3, 23733.1 
26562.8, 19089.2, 23384.2, 23595.9, 21824.5, 21494.8, 23962.1, 21671.5, 22534.1, 23840.2, 22264.4, 23282.7, 23205.2 
19512.2, 18434.2, 26011.9, 20671, 25050.7, 23129, 23488, 23652, 23245.8, 20872.5, 21528.3, 23772.6, 22727 
28763.8, 21516.7, 21951.4, 23773.3, 25100.8, 22148.9, 22375.1, 23010.8, 21675, 24615, 23172.7, 24151.9, 23224.6 
15214.8, 15327.6, 22245.6, 23014, 22759.7, 23244.9, 23859.7, 25176.5, 22963.5, 22362.9, 23490.7, 22936.2, 22147.6 
21553.7, 26267.7, 21232.9, 22057.5, 24021.3, 22633.7, 21807.5, 22359, 22509.1, 23321.7, 24538, 24011.5, 25158.1 
21553.7, 22060.1, 23618.9, 24192.5, 21350, 23753.6, 23825.7, 22839, 20664.3, 22837.2, 22304.9, 23166.6, 22092.3 
29342, 22617.1, 24418.1, 21459.9, 22354.1, 22558.4, 21529.1, 21269.2, 23142.8, 25061.9, 23278.2, 21475.4, 23713.3 
19904.4, 26399, 27162, 20111, 22896.5, 20964.5, 24030.6, 24895, 21340.6, 24127.9, 23726.7, 22055.5, 23282.7 
20919.8, 23655.5, 22998.3, 21246.6, 22220.5, 21494.8, 21652.3, 22471, 22659.5, 22542.4, 23705.1, 21781.7, 23752.8 
38005.7, 23537.8, 26098.6, 27823.3, 20678.3, 24233.1, 22152.6, 24402.4, 25603.8, 23792.6, 22447.2, 21350.5, 23951.5 
20304.5, 22958.1, 21661.1, 22002.5, 21392.7, 22371.4, 20863.4, 21216.1, 23847.2, 24912.1, 22611, 23360.4, 23971.5 
28197, 24012.2, 21445.9, 24742.3, 23034.2, 21855.8, 23825.7, 22081.5, 22938.1, 23508.9, 22672.7, 22689.1, 23224.6 
17316, 23420.7, 22921.9, 25367.9, 24311, 22222.8, 20982.9, 21698.6, 22760.4, 24516.8, 21685.3, 22388.7, 24374.2 
18199.3, 22843.9, 24993.6, 26074.3, 26281.2, 26293.5, 24903.8, 21590.4, 22161.8, 22587.5, 23067.6, 23263.3, 24374.2 
19127.7, 21732.4, 23697.6, 22842.2, 22043.6, 22112.1, 23122, 23859.7, 23610, 23626.7, 25354, 24435.2, 22092.3 
22879.7, 16518.4, 30823.5, 26009.3, 26020, 22822.9, 22761.7, 22053.9, 21819.9, 22587.5, 22386.1, 23243.9, 22332.9 
22653.2, 29460.7, 27526, 22671.8, 22264.9, 20964.5, 22990.3, 20283.1, 23847.2, 22837.2, 23856.4, 22898, 22203 
39157.3, 22392.6, 21878.5, 23537, 19908, 23052.1, 24691.4, 20770.3, 22684.7, 23626.7, 23320.5, 22576, 22955.3 
21553.7, 18712.1, 22468.8, 24132.2, 21264.9, 22371.4, 22990.3, 23979.3, 23531.5, 21166.6, 22083.1, 24051.5, 23654.1 
18199.3, 23537.8, 21589.2, 22390.5, 21435.5, 21892.2, 23825.7, 23681.6, 22039.1, 24297.3, 23813.1, 21583, 22203 
27641.4, 23420.7, 22024.6, 26270.4, 22850.8, 22222.8, 21375.9, 22275.4, 22014.6, 22229.2, 22002.9, 24192.2, 24172 
20919.8, 25493.2, 24993.6, 28598.1, 20637, 21459.1, 22664.4, 24371.9, 24437, 24615, 23856.4, 24680.7, 23575.4 
19319, 24012.2, 26360.5, 26867.4, 23405.4, 22975.5, 22311.3, 21242.6, 23040.2, 20935.2, 22983.9, 23497, 22955.3 
21340.3, 18526.4, 25582.7, 19762.5, 20472.7, 24928.9, 26708.3, 22471, 23980, 24345.9, 24694.6, 23282.7, 22129.1 
32091, 19965.6, 29031.4, 21892.9, 26598.2, 25644.8, 22184.3, 23446.1, 23245.8, 24079.7, 22183.6, 23891.8, 23911.7 
24530.3, 23773.8, 23462.2, 25178.6, 23405.4, 23400.2, 22696.8, 23068.4, 22235.8, 23603.1, 22631.6, 23931.6, 23812.3 
30838.8, 22060.1, 20882.5, 21459.9, 23925.5, 21352.1, 23757.8, 22527.3, 22709.9, 24176.1, 24852.1, 22576, 23752.8 
35448.5, 31908.1, 22245.6, 23419.8, 21521.3, 20894.8, 22471.1, 21671.5, 23323.4, 23298.4, 23130.6, 23634.4, 22203 
15675.8, 19669.1, 24827.8, 23892.3, 20885.9, 21928.7, 22794.2, 21590.4, 21965.8, 22452.5, 22264.4, 23321.5, 22203 
26299.8, 20065.5, 23697.6, 22390.5, 22087.7, 21855.8, 22567.6, 21242.6, 22559.1, 25440.5, 23320.5, 24131.8, 24516.8 
26299.8, 25493.2, 23075, 20983, 23452.2, 22259.9, 21963.7, 22303.2, 21844.2, 23182.2, 22224, 24212.3, 24660.1 
33394.1, 25366.4, 20882.5, 24011.9, 25658.6, 22899.1, 23454.5, 22443, 24006.6, 24273, 26197.1, 24232.5, 21601 
24046.9, 25114.6, 20333.9, 21621.3, 23312, 22334.1, 23690, 22387, 23636.3, 23415.1, 22714, 23438.4, 23185.9 
25023.3, 23537.8, 21517.4, 22956.6, 22264.9, 25221.2, 20017.3, 23271, 23142.8, 23368.3, 21744.5, 22240, 22993.6 
26039.4, 20572.2, 22921.9, 22167.9, 24214, 18876.4, 25479.2, 24616.7, 24274.7, 23603.1, 21646, 23516.6, 23536.2 
21553.7, 20986.7, 23540.4, 21513.6, 23735, 22709.2, 21745.3, 22192.1, 22836.4, 22385.2, 22426.9, 22314.3, 21085.4 
29931.8, 22843.9, 24993.6, 21246.6, 20513.7, 20999.5, 19593.2, 22387, 22310, 22587.5, 21883.3, 23166.6, 23832.1 
26299.8, 20778.4, 21022, 22278.9, 24262.5, 23556.6, 23996.4, 22387, 23065.8, 24541.3, 23299.3, 23457.9, 23536.2 
19127.7, 24132.2, 25497.7, 27137.1, 23735, 23952.2, 21103, 22331.1, 22088.1, 24492.3, 22631.6, 23792.5, 23012.7 
16974.7, 22730.2, 20675.1, 21675.3, 21955.7, 22822.9, 23488, 21671.5, 23820.7, 22519.9, 22345.5, 22073.9, 22277.1 
28763.8, 21303.1, 26713.8, 22558.8, 21222.4, 22937.2, 25735.1, 19757.9, 23662.5, 23816.4, 22611, 22576, 22689.1 
18938.3, 26797, 23776.6, 23654.9, 21350, 24558.1, 22311.3, 21998.8, 23323.4, 22882.9, 22447.2, 23752.8, 22110.7 
20507.6, 22958.1, 22245.6, 21406.4, 22578.5, 22112.1, 22407.1, 20538.1, 25349.2, 23159.1, 22083.1, 21547, 22670.2 
26039.4, 23655.5, 22171.7, 23832.7, 22309.5, 21928.7, 23454.5, 22839, 24627.7, 23650.3, 24161.8, 23614.7, 21493.3 
27367.7, 17625, 21589.2, 22785.3, 25761.3, 24435.7, 22121, 23183.9, 23427.2, 21789.2, 22714, 21818, 22018.8 
21553.7, 23773.8, 24256.1, 23654.9, 22668.9, 25305.4, 23996.4, 24189.9, 23427.2, 22096.2, 23067.6, 21583, 23302.1 
22653.2, 24496, 22618.8, 19960.9, 26386.4, 23714.1, 22729.3, 24709.1, 22735.2, 22791.6, 23597.7, 21781.7, 25751.8 
21769.2, 22504.6, 17564.1, 27546.8, 20107.8, 21175.1, 21406.5, 25716.9, 22359.6, 23579.5, 24717, 23792.5, 22632.5 
27641.4, 23655.5, 25160.5, 20312.8, 22176.1, 20652.7, 23254.4, 22640.1, 22039.1, 23438.5, 26007.4, 24804.4, 21173.4 
29342, 20368, 21517.4, 23832.7, 24950.8, 23714.1, 23893.8, 23652, 25349.2, 22497.4, 22549.5, 21927.3, 23792.5 
16475.5, 26931, 22098, 24496.4, 21095.6, 22747, 23221.2, 20848.3, 22938.1, 24492.3, 22345.5, 22821.8, 23634.4 
25526.3, 21409.7, 27252.5, 25879.7, 22398.8, 20999.5, 24168.3, 22696.8, 21388.1, 26110.3, 24139.9, 22482.2, 22783.8 
13911.4, 24012.2, 23306.5, 20983, 25151, 25517, 19988.7, 24039.3, 22484.1, 22837.2, 21528.3, 22110.7, 22055.5 
26299.8, 25877.6, 26272.9, 22334.6, 19710.1, 24970.5, 23056.1, 22810.5, 23767.9, 23864, 23320.5, 22314.3, 22936.2 
22653.2, 23655.5, 25244.4, 22112.7, 22623.7, 21352.1, 23555.1, 23446.1, 23245.8, 22997.6, 22714, 22037.2, 22613.7 
20507.6, 21841.1, 20131.9, 27684.7, 24117.5, 19777.5, 23996.4, 23711.2, 22709.9, 22723.4, 22123.2, 23128, 22727 
18565.1, 20266.6, 25582.7, 22334.6, 21911.9, 23052.1, 22794.2, 25461.2, 23245.8, 21507.9, 22714, 22557.2, 24619.1 
19904.4, 24132.2, 25413, 23071.5, 24165.7, 21352.1, 22503.2, 23241.9, 24301.7, 22974.6, 22942.2, 24598.6, 22092.3 
18938.3, 19669.1, 21303.7, 19517.3, 27243.6, 23872.6, 21284.6, 24709.1, 22785.7, 22905.8, 21587, 23931.6, 23752.8 
18750.8, 24252.9, 20266.3, 24072, 22354.1, 22038.6, 21838.6, 21698.6, 20848.7, 22632.7, 21179, 22221.5, 23911.7 
20712.6, 19767.5, 22319.7, 26074.3, 23219, 20894.8, 22729.3, 20822.2, 21531.1, 25593.5, 22467.6, 23051.1, 24414.9 
18938.3, 21091.7, 17045.8, 22671.8, 20761.1, 24681.1, 23723.9, 24371.9, 22559.1, 22318.2, 22817.4, 24031.5, 22129.1 
18938.3, 23072.9, 19603, 24804.2, 23925.5, 24273.5, 22247.7, 22192.1, 22938.1, 21789.2, 21784.1, 23070.3, 23282.7 
20507.6, 23304.2, 23306.5, 23952.1, 23593.2, 26469.2, 21406.5, 23949.3, 24382.8, 22452.5, 24139.9, 23634.4, 21350.5 
18381.3, 25114.6, 25076.9, 21088.1, 21564.4, 23052.1, 24480.8, 23271, 22285.2, 22723.4, 20778.7, 22519.7, 22670.2 
21769.2, 24618.5, 19733.9, 22558.8, 23546.1, 17718.9, 22184.3, 20640.9, 20710.2, 24370.2, 23597.7, 21691.1, 22974.4 
27641.4, 19767.5, 25582.7, 22899.3, 22131.9, 23714.1, 23122, 22668.4, 25013.6, 23345, 22942.2, 22783.8, 23012.7 
29051.5, 21841.1, 20813.1, 25622.5, 24900.9, 21139.8, 22535.4, 25082.3, 24382.8, 23391.7, 25983.7, 23852, 23399.3 
22879.7, 21950.3, 21445.9, 20878.5, 20927.7, 22371.4, 22924.8, 23212.9, 24220.8, 22928.7, 22345.5, 22426.1, 23575.4 
19707.3, 21197.1, 21162.3, 22002.5, 23687.6, 22747, 22216, 24280.7, 22534.1, 22452.5, 24694.6, 20840.9, 23108.8 
25781.6, 23420.7, 22468.8, 22785.3, 24408.3, 24395, 21807.5, 22611.9, 22211.1, 23816.4, 21665.6, 24192.2, 21493.3 
19512.2, 33041.8, 23229.1, 22502.6, 25454.3, 23992.1, 22471.1, 21429.2, 23688.8, 21637.3, 25632, 22632.5, 21982.2 
20507.6, 21091.7, 28362.9, 21947.6, 24851.2, 24273.5, 23089, 22753.5, 23427.2, 24862.3, 23791.4, 22147.6, 22203 
21769.2, 19965.6, 21589.2, 29321.2, 21307.4, 24681.1, 24939.4, 25684.8, 23117.1, 25644.8, 22406.5, 22037.2, 23891.8 
27367.7, 25493.2, 24581.2, 27205, 20309.7, 21746.9, 20715, 21698.6, 21892.7, 22295.9, 24538, 22821.8, 22129.1 
25781.6, 19473.9, 25413, 23361.4, 24408.3, 25389.8, 22216, 24039.3, 23741.5, 24419, 22796.7, 23166.6, 22993.6 
23573.1, 26797, 22468.8, 21088.1, 23499.1, 25095.6, 26217.2, 22527.3, 23662.5, 22768.9, 22304.9, 22332.9, 22557.2 
21129, 23537.8, 22245.6, 23303.1, 21222.4, 21928.7, 26292.1, 23949.3, 22912.6, 22882.9, 24560.3, 24394.5, 21745.4 
19127.7, 29756.1, 25668, 28032.5, 22805.2, 22822.9, 25552, 23068.4, 22211.1, 22951.7, 23384.2, 21745.4, 21368.3 
31773.3, 23773.8, 27434.5, 22615.2, 23126.4, 19646.2, 22794.2, 20538.1, 21868.4, 22928.7, 23151.6, 22221.5, 23654.1 
32091, 23188.3, 21445.9, 20983, 23080.3, 21034.5, 19846.5, 23563.5, 24573.1, 23485.4, 22858.9, 24721.8, 25179.1 
15675.8, 20469.8, 26713.8, 22390.5, 25658.6, 23129, 23320.9, 23068.4, 23794.3, 21486.4, 23943.3, 24131.8, 21982.2 
22879.7, 22170.4, 20199, 25750.8, 20678.3, 28624.2, 21995.1, 23979.3, 22963.5, 23650.3, 22284.6, 24537.2, 23166.6 
18381.3, 26137, 23229.1, 22390.5, 20885.9, 24763.4, 22826.8, 21031.4, 24060, 21723.9, 22570, 22821.8, 21475.4 
20507.6, 17105.3, 20744, 25494.9, 20148.1, 24233.1, 23023.2, 21780.1, 24409.9, 23768.8, 22488.1, 25623.4, 23693.6 
29342, 24989.7, 22769.9, 24072, 22043.6, 21245.7, 23656.2, 20666.8, 21316.9, 24345.9, 20892.3, 23555.8, 22898 
25526.3, 23537.8, 23384.2, 21621.3, 23973.3, 21175.1, 20982.9, 20538.1, 23091.4, 21379.3, 23597.7, 22538.4, 24970.2 
26299.8, 25748.8, 26011.9, 22002.5, 25556.2, 22558.4, 22503.2, 24586, 21747.3, 24248.7, 22693.4, 22166, 24151.9 
20919.8, 21950.3, 26011.9, 24496.4, 21999.6, 23595.9, 23622.5, 21834.6, 22735.2, 23532.4, 22796.7, 22745.9, 22370.1 
22879.7, 23773.8, 24256.1, 24192.5, 23782.5, 21530.7, 23354.2, 24341.5, 23715.1, 23555.9, 23469.3, 23224.6, 22745.9 
23808.8, 17801.7, 22769.9, 23478.3, 23265.5, 22558.4, 23588.8, 21944, 24301.7, 22407.6, 22672.7, 22993.6, 23070.3 
31458.7, 22504.6, 22024.6, 23714, 21650.7, 23517.4, 21042.9, 23919.4, 21578.9, 20893.4, 20740.9, 23654.1, 23185.9 
25526.3, 23420.7, 29518.5, 20060.8, 19947.8, 23872.6, 23588.8, 24311.1, 23980, 21811, 24382.4, 22955.3, 22993.6 
22879.7, 17625, 20744, 21838.3, 22488.5, 24476.4, 22152.6, 23416.8, 22861.8, 23321.7, 23130.6, 21982.2, 23031.9 
30838.8, 22281.2, 20333.9, 25115.8, 22443.6, 23361.3, 24445.9, 23068.4, 23610, 23182.2, 22406.5, 23302.1, 23911.7 
29931.8, 31434.2, 27709.8, 23478.3, 23925.5, 23283.6, 22152.6, 21916.6, 23505.4, 23043.6, 22345.5, 22974.4, 23891.8 
18750.8, 23537.8, 22245.6, 25879.7, 18268.9, 23129, 23089, 24189.9, 23117.1, 24812.7, 22693.4, 23224.6, 24232.5 
20712.6, 28449.9, 24993.6, 19566.1, 22087.7, 25053.8, 25010.7, 21889.2, 23873.7, 21486.4, 21784.1, 22463.5, 23302.1 
26299.8, 29023.2, 26185.6, 20363.6, 22805.2, 24558.1, 23421, 23358.4, 24194, 22882.9, 23640.6, 22519.7, 23457.9 
26299.8, 24741.6, 23776.6, 20568, 22578.5, 25137.4, 22794.2, 23711.2, 22285.2, 22140.5, 22942.2, 22519.7, 23673.8 
20919.8, 23655.5, 18835.5, 21892.9, 24555.1, 23244.9, 23023.2, 21698.6, 24113.5, 23415.1, 26102.1, 22936.2, 23128 
18565.1, 24618.5, 21661.1, 23714, 20148.1, 26425.2, 24762, 21322.4, 24006.6, 23321.7, 23834.7, 23243.9, 23555.8 
21340.3, 26931, 23075, 22842.2, 23925.5, 21459.1, 22535.4, 22443, 21175.4, 22860.1, 23748.2, 22727, 21945.6 
20919.8, 24252.9, 25497.7, 22558.8, 23877.7, 22185.9, 24306.7, 23830, 23479.3, 22814.4, 23748.2, 22463.5, 25221.1 
21129, 22958.1, 20813.1, 22502.6, 23126.4, 22709.2, 25698.4, 22782, 22384.4, 22814.4, 21823.7, 24701.3, 22129.1 
32411.9, 27887.9, 22921.9, 25431.3, 21780.9, 22259.9, 24376.2, 22867.5, 23142.8, 21832.8, 22672.7, 23654.1, 22576 
25023.3, 25748.8, 18898.3, 21513.6, 24359.6, 24072.2, 21963.7, 22219.8, 20756.3, 24862.3, 22488.1, 21619, 22594.8 
18381.3, 21624.3, 24663.1, 26800.4, 21999.6, 23674.6, 23122, 22982.1, 20618.4, 22700.7, 22714, 23185.9, 20945.3 
23108.5, 23892.7, 23151.9, 24496.4, 23034.2, 21602.5, 24237.4, 23593, 24958.1, 22295.9, 22264.4, 20616.4, 22295.7 
24530.3, 17713.1, 20333.9, 23245, 23405.4, 21210.4, 24168.3, 22611.9, 22836.4, 23983.6, 23004.8, 22594.8, 24051.5 
24530.3, 22617.1, 24256.1, 21140.8, 23452.2, 23013.8, 22311.3, 25051, 23375.2, 21811, 23533.4, 22500.9, 22000.5 
23808.8, 28027.3, 22618.8, 22785.3, 26598.2, 22822.9, 22216, 24801.9, 21868.4, 24738.4, 22983.9, 22314.3, 21637 
29635.4, 21732.4, 23935.4, 22223.4, 22354.1, 24313.9, 21652.3, 24801.9, 21602.9, 22814.4, 21883.3, 21511.2, 22670.2 
24530.3, 26399, 23384.2, 25367.9, 25556.2, 22222.8, 21406.5, 25716.9, 24006.6, 23438.5, 23257, 22221.5, 22936.2 
29051.5, 21516.7, 21445.9, 24990.7, 20844.2, 22259.9, 24202.8, 21216.1, 24985.8, 23112.8, 23130.6, 21890.8, 23166.6 
16974.7, 24496, 25497.7, 24132.2, 23172.7, 25347.6, 22567.6, 23271, 22912.6, 23159.1, 22549.5, 21565, 23575.4 
21986.9, 15175.5, 24015.2, 22002.5, 23687.6, 19876.6, 23791.7, 25302.6, 23715.1, 22587.5, 22900.5, 23031.9, 21475.4 
20507.6, 30967.4, 19151.6, 23129.2, 21780.9, 24722.2, 22892.1, 22247.6, 24167.1, 22497.4, 22426.9, 24783.7, 22444.8 
29342, 23188.3, 22845.8, 22956.6, 21694, 24928.9, 25735.1, 22867.5, 22887.2, 23792.6, 24227.8, 22147.6, 22332.9 
20919.8, 28592.1, 26713.8, 23952.1, 21392.7, 25263.3, 21284.6, 21322.4, 23741.5, 21680.6, 20497.4, 23634.4, 22240 
19512.2, 20882.3, 22618.8, 24072, 18452.3, 20756.1, 24133.8, 21644.5, 24274.7, 22229.2, 24249.8, 21673.1, 23185.9 
31773.3, 32067.7, 20469.7, 20619.4, 21137.8, 23400.2, 22826.8, 22782, 21011.4, 25061.9, 22123.2, 23614.7, 24598.6 
27367.7, 19669.1, 21445.9, 26204.9, 25556.2, 23322.4, 23488, 23889.6, 21965.8, 23205.4, 23130.6, 23971.5, 22651.4 
21129, 20065.5, 23855.8, 21459.9, 22988.2, 22148.9, 21901.1, 21136.7, 23427.2, 23721.3, 25608.7, 22426.1, 23128 
19512.2, 19571.2, 19799.7, 27823.3, 23830.1, 21674.6, 23287.6, 21563.5, 24060, 24079.7, 23813.1, 22519.7, 24272.9 
22428.9, 28592.1, 24827.8, 25241.5, 19947.8, 19909.7, 21838.6, 24189.9, 21435.6, 23020.6, 21294.8, 22147.6, 24476 
22879.7, 24865.3, 20744, 24866.2, 22850.8, 22038.6, 22632.1, 23010.8, 22989.1, 25491.4, 23769.8, 22651.4, 22073.9 
18381.3, 21409.7, 23618.9, 27892.8, 22398.8, 24476.4, 21621.5, 23446.1, 20871.8, 21272.7, 24874.7, 22783.8, 22407.4 
35097.5, 23420.7, 22921.9, 23071.5, 25607.3, 24476.4, 21963.7, 24159.7, 22785.7, 21745.7, 22693.4, 21709.2, 22129.1 
24046.9, 21303.1, 22845.8, 24072, 24021.3, 23952.2, 23287.6, 23622.5, 21034.7, 24273, 22304.9, 24091.6, 22708 
26039.4, 28308.3, 23540.4, 19664, 24801.6, 24313.9, 23287.6, 24957.3, 24545.8, 24763.1, 22921.3, 24051.5, 23070.3 
18381.3, 19866.3, 19603, 23478.3, 23126.4, 23635.2, 22279.5, 22810.5, 21747.3, 24615, 24426.7, 24928.6, 23971.5 
26828.5, 22843.9, 23540.4, 24011.9, 22176.1, 22001.9, 23555.1, 24039.3, 21868.4, 21942.2, 24515.7, 22444.8, 23812.3 
25526.3, 22060.1, 22921.9, 23014, 26598.2, 23478.3, 23287.6, 23740.8, 24140.3, 23438.5, 22921.3, 23031.9, 22745.9 
20103.5, 17713.1, 21022, 24557.7, 22533.5, 24887.5, 22343.2, 27238.1, 22112.6, 22837.2, 22022.9, 22073.9, 22444.8 
22206.8, 22843.9, 23229.1, 20060.8, 23358.6, 25517, 24237.4, 20283.1, 22534.1, 21767.4, 24426.7, 24131.8, 22878.9 
22206.8, 26007, 24910.6, 26336.1, 23080.3, 22185.9, 23023.2, 21269.2, 22137.2, 24492.3, 23943.3, 23971.5, 25053.6 
29635.4, 23892.7, 25076.9, 24557.7, 25100.8, 22975.5, 19761.7, 21031.4, 23583.8, 23485.4, 23235.9, 22898, 24680.7 
16312.4, 19280.6, 24418.1, 21783.8, 23172.7, 25432.1, 24903.8, 25975.2, 24220.8, 22791.6, 22143.3, 21475.4, 22651.4 
28763.8, 25114.6, 27894.8, 21838.3, 24069.3, 21602.5, 22892.1, 21349.1, 24545.8, 22974.6, 22143.3, 23536.2, 23733.1 
18938.3, 20266.6, 26981.8, 21193.6, 22988.2, 24112.3, 24691.4, 22387, 20848.7, 21594, 23921.5, 23931.6, 23752.8 
14476.3, 23537.8, 23618.9, 25494.9, 21350, 21892.2, 23488, 22583.6, 23040.2, 23438.5, 24052.3, 23360.4, 22444.8 
17489.1, 23892.7, 25925.5, 25750.8, 21868.1, 21710.7, 23588.8, 22109.1, 22963.5, 20768.5, 23278.2, 23360.4, 22370.1 
22428.9, 19089.2, 23540.4, 25622.5, 23219, 23832.9, 21932.3, 23681.6, 20710.2, 22587.5, 22488.1, 23302.1, 22295.7 
25526.3, 27065.7, 23462.2, 25304.6, 24851.2, 23872.6, 21869.8, 23387.6, 24006.6, 21811, 23490.7, 22482.2, 23418.8 
19512.2, 21409.7, 27802.2, 23537, 28753.7, 22222.8, 22471.1, 23681.6, 23741.5, 22362.9, 21352.9, 21763.5, 21818 
16806.7, 22060.1, 24256.1, 24253, 21737.4, 22747, 22696.8, 22527.3, 23323.4, 21529.4, 22693.4, 25011.8, 22689.1 
20507.6, 24012.2, 20675.1, 20414.5, 23546.1, 20756.1, 22859.4, 23155, 22861.8, 22519.9, 23320.5, 23497, 23614.7 
24046.9, 22730.2, 23462.2, 23952.1, 22805.2, 24517.2, 23588.8, 21944, 22211.1, 21876.5, 21784.1, 22482.2, 25284.2 
23339.6, 26267.7, 25244.4, 22167.9, 25352.8, 22558.4, 23287.6, 22247.6, 21269.6, 22997.6, 23683.6, 24293.1, 24091.6 
14332.9, 26531, 25244.4, 21729.5, 24262.5, 22937.2, 22826.8, 22953.4, 23091.4, 21209, 22002.9, 22092.3, 21927.3 
17840.7, 19280.6, 25925.5, 25686.6, 24555.1, 22371.4, 23690, 24129.5, 24113.5, 24492.3, 23278.2, 23733.1, 22351.5 
31773.3, 25366.4, 20952.1, 25494.9, 21955.7, 23322.4, 24272, 22896.1, 25321, 24248.7, 22921.3, 21854.4, 22974.4 
23108.5, 24132.2, 23229.1, 23361.4, 24214, 23090.5, 22439.1, 24280.7, 23220, 23792.6, 22386.1, 24232.5, 23516.6 
28197, 20882.3, 23306.5, 24313.6, 25968, 24846, 19818.2, 22583.6, 25125, 23112.8, 23878.1, 24252.7, 22878.9 
25273.6, 30660, 24499.5, 20363.6, 23080.3, 21459.1, 22089.5, 21563.5, 21388.1, 21942.2, 21943, 24011.5, 22689.1 
21129, 26931, 22394.1, 23832.7, 22578.5, 20687.1, 23387.6, 21998.8, 21771.5, 23792.6, 23067.6, 23772.6, 23772.6 
27641.4, 19767.5, 21878.5, 19517.3, 22533.5, 23052.1, 26292.1, 24678.3, 23479.3, 22632.7, 24426.7, 21637, 22277.1 
27917.9, 30507.5, 25668, 25622.5, 22354.1, 21819.4, 23791.7, 22081.5, 24355.7, 22723.4, 21883.3, 23931.6, 23457.9 
20919.8, 20266.6, 22171.7, 22728.4, 21824.5, 21855.8, 23488, 23800.2, 22534.1, 24224.5, 22365.8, 21890.8, 21927.3 
22653.2, 19089.2, 23384.2, 20312.8, 26439.2, 24072.2, 22826.8, 24009.3, 25377.3, 21811, 23791.4, 23166.6, 24783.7 
24046.9, 31908.1, 22394.1, 24072, 23735, 23129, 20833.6, 20131.6, 22989.1, 21920.3, 22590.5, 23031.9, 22240 
19707.3, 23304.2, 25753.5, 22334.6, 21222.4, 23167.6, 22279.5, 21617.4, 21128.4, 23066.6, 23278.2, 22594.8, 24660.1 
21986.9, 24374.2, 24337, 24072, 21650.7, 24192.8, 21901.1, 24926.1, 24113.5, 22746.1, 23426.7, 22203, 23438.4 
25781.6, 23188.3, 21374.7, 25241.5, 21999.6, 22112.1, 23089, 23504.7, 22137.2, 24492.3, 23448, 21818, 22613.7 
20304.5, 20882.3, 22921.9, 21567.3, 25201.3, 22371.4, 21345.4, 23300.1, 21578.9, 23579.5, 23405.4, 22426.1, 23360.4 
27641.4, 26007, 29031.4, 22899.3, 22220.5, 24887.5, 24202.8, 22640.1, 23091.4, 23485.4, 23151.6, 23536.2, 21457.5 
37629.4, 20882.3, 23151.9, 22112.7, 22988.2, 23912.4, 24272, 24494, 24464.1, 21443.5, 21963, 22203, 23516.6 
23808.8, 32228, 23855.8, 21783.8, 23499.1, 24763.4, 25334.1, 23622.5, 22039.1, 24079.7, 22549.5, 21763.5, 22993.6 
23808.8, 26663.7, 22543.7, 26336.1, 22443.6, 22408.6, 22343.2, 21084, 22137.2, 21964.1, 22921.3, 22370.1, 22859.9 
16974.7, 20368, 23462.2, 20060.8, 24214, 20825.4, 22892.1, 23241.9, 21293.3, 22632.7, 24605, 22500.9, 23673.8 
22206.8, 20675, 21878.5, 22502.6, 23687.6, 24681.1, 24585.9, 22810.5, 22260.5, 25389.7, 23341.7, 24151.9, 24578.1 
31773.3, 17363.2, 24745.3, 20826.4, 23126.4, 21245.7, 22439.1, 22839, 23271.6, 24152, 23341.7, 21890.8, 23911.7 
18019.1, 28592.1, 23855.8, 23014, 23080.3, 24846, 21776.3, 21971.4, 23349.3, 23321.7, 23405.4, 23871.9, 23931.6 
23108.5, 18805.7, 23935.4, 21783.8, 25000.7, 22975.5, 23521.5, 23800.2, 23453.2, 23020.6, 22672.7, 21963.9, 22670.2 
15366.9, 27337, 22921.9, 18893.9, 22488.5, 23595.9, 23521.5, 21725.7, 21293.3, 23485.4, 24874.7, 22351.5, 20719.7 
16640.3, 21841.1, 21805.8, 22502.6, 23265.5, 25389.8, 23757.8, 22640.1, 22912.6, 22700.7, 22570, 22576, 23634.4 
20712.6, 26007, 24745.3, 26600.4, 23593.2, 22785, 20597, 23126.1, 22509.1, 23251.8, 21963, 23733.1, 21872.6 
20919.8, 23655.5, 21374.7, 23187, 19553.2, 22483.4, 22761.7, 22443, 23531.5, 25542.4, 23362.9, 21836.2, 22878.9 
18565.1, 16684, 28934.9, 21406.4, 22896.5, 22975.5, 21963.7, 23300.1, 24274.7, 23043.6, 24382.4, 22936.2, 23051.1 
18750.8, 17890.7, 27434.5, 20161.2, 23172.7, 26162.4, 24133.8, 21861.9, 23583.8, 22430, 23662.1, 22332.9, 21244.1 
27917.9, 22617.1, 23384.2, 21947.6, 25556.2, 22747, 24030.6, 24926.1, 24847.5, 23415.1, 22183.6, 22632.5, 25053.6 
17316, 20986.7, 23384.2, 22446.5, 23782.5, 23090.5, 24272, 22219.8, 25547, 23275.1, 23726.7, 22538.4, 23185.9 
29635.4, 23304.2, 26625, 18612.9, 24262.5, 19097.8, 22664.4, 22753.5, 23610, 24516.8, 22022.9, 23379.9, 21315 
21553.7, 24741.6, 23618.9, 24680.6, 24457.2, 20345.4, 23454.5, 25556.8, 22310, 24007.6, 22386.1, 24313.4, 22519.7 
27096.8, 21516.7, 19151.6, 20262.2, 22759.7, 24395, 23488, 21590.4, 21459.4, 23485.4, 21843.6, 21927.3, 23891.8 
22653.2, 24252.9, 22098, 20312.8, 23452.2, 22222.8, 26030.7, 22136.7, 21699.1, 22229.2, 22365.8, 24051.5, 23012.7 
24530.3, 26531, 21303.7, 25431.3, 22176.1, 21855.8, 23221.2, 23039.6, 22659.5, 22542.4, 24316, 22110.7, 24619.1 
34065.3, 18994.2, 21733.3, 23478.3, 24311, 22520.9, 23622.5, 24555.3, 25292.9, 21920.3, 22942.2, 23205.2, 22974.4 
28479, 19866.3, 20744, 22390.5, 21137.8, 20009.4, 23155, 24129.5, 23271.6, 22340.5, 23490.7, 23516.6, 23128 
29051.5, 16111.6, 23776.6, 19517.3, 21694, 26601.8, 23656.2, 22275.4, 23220, 24248.7, 24183.8, 22166, 26646.5 
27096.8, 21841.1, 20952.1, 24742.3, 23830.1, 25347.6, 20626.5, 23271, 24060, 23251.8, 24649.7, 22184.5, 23185.9 
25526.3, 23188.3, 22543.7, 18199.3, 24311, 20618.3, 22439.1, 23097.2, 23297.5, 23461.9, 21063.8, 23263.3, 23302.1 
22653.2, 19866.3, 21589.2, 21513.6, 22043.6, 24435.7, 24621, 23593, 23794.3, 24467.9, 23769.8, 23128, 23477.4 
20103.5, 19965.6, 28552.3, 26009.3, 23358.6, 24273.5, 20538.3, 24129.5, 21844.2, 24370.2, 23193.7, 22482.2, 23302.1 
28763.8, 21516.7, 20882.5, 20878.5, 25968, 23167.6, 21103, 23770.5, 22260.5, 24345.9, 24852.1, 23891.8, 23399.3 
23808.8, 22060.1, 22245.6, 20111, 21180.1, 24763.4, 22026.5, 22611.9, 22334.8, 22974.6, 21665.6, 22314.3, 23379.9 
21129, 34045.6, 23151.9, 23952.1, 23782.5, 24599, 22567.6, 24494, 21650.9, 21920.3, 20722.1, 21963.9, 23108.8 
27096.8, 22617.1, 20606.4, 23187, 20472.7, 23167.6, 24550.8, 22471, 22684.7, 24031.6, 23965, 23555.8, 25495.7 
23339.6, 25240.2, 22921.9, 23361.4, 22714.3, 22861, 22375.1, 23329.2, 21675, 23745.1, 22611, 23108.8, 22538.4 
26299.8, 18899.7, 21232.9, 21783.8, 22087.7, 21746.9, 24445.9, 23155, 24006.6, 21942.2, 23640.6, 23614.7, 22314.3 
21553.7, 23537.8, 20606.4, 21838.3, 23312, 22975.5, 23155, 21889.2, 20300.3, 24419, 23193.7, 22407.4, 23832.1 
25273.6, 24989.7, 20606.4, 23952.1, 20513.7, 22371.4, 21072.9, 24311.1, 21675, 24321.6, 23130.6, 23971.5, 24011.5 
33728, 21624.3, 18898.3, 23537, 22264.9, 24846, 25010.7, 24740, 22459.1, 21942.2, 22447.2, 23263.3, 23614.7 
21340.3, 27337, 22245.6, 20060.8, 23546.1, 24887.5, 23122, 21216.1, 22211.1, 23555.9, 21294.8, 21637, 22802.8 
21769.2, 26797, 22845.8, 26467.9, 23080.3, 22633.7, 23488, 23622.5, 24464.1, 22052.1, 23299.3, 22000.5, 23555.8 
41154.8, 16273.1, 26713.8, 19960.9, 22087.7, 22001.9, 20863.4, 24311.1, 23767.9, 23391.7, 22631.6, 24031.5, 22557.2 
21986.9, 21091.7, 26185.6, 22671.8, 22398.8, 22899.1, 23023.2, 21242.6, 21868.4, 22746.1, 23490.7, 21350.5, 22463.5 
19319, 22843.9, 22245.6, 24557.7, 25864.4, 24476.4, 23421, 22415, 20964.8, 21103.3, 22817.4, 22974.4, 22898 
32091, 21303.1, 21092, 22334.6, 22309.5, 22408.6, 23723.9, 23475.4, 22285.2, 22008.1, 24074.2, 22018.8, 22898 
23339.6, 17625, 25497.7, 22446.5, 23925.5, 24072.2, 24168.3, 24371.9, 24382.8, 24615, 21352.9, 22898, 22689.1 
20712.6, 24132.2, 24175.5, 21838.3, 23830.1, 22259.9, 23555.1, 19931.4, 22409.3, 22974.6, 22858.9, 22993.6, 24293.1 
19707.3, 26399, 21092, 20568, 25151, 22747, 21163.4, 23979.3, 20390.7, 24738.4, 24739.5, 23070.3, 22519.7 
25526.3, 21197.1, 20333.9, 24011.9, 19868.2, 24558.1, 21467.7, 21163.2, 24409.9, 22860.1, 23769.8, 24192.2, 22576 
19904.4, 26931, 21878.5, 26600.4, 19553.2, 25179.3, 20863.4, 22668.4, 21819.9, 23135.9, 21923.1, 22500.9, 22166 
21986.9, 23537.8, 23075, 21299.8, 20678.3, 23322.4, 21869.8, 21563.5, 22088.1, 22030.1, 21547.8, 22632.5, 21781.7 
24287.4, 23420.7, 22245.6, 22956.6, 22043.6, 23595.9, 23825.7, 22499.1, 22887.2, 22318.2, 23067.6, 21138.1, 22110.7 
25526.3, 19767.5, 23855.8, 25944.4, 21564.4, 24476.4, 22729.3, 23010.8, 24033.3, 22974.6, 22838.2, 24928.6, 22898 
15990.9, 25877.6, 23540.4, 21838.3, 23640.4, 21602.5, 24133.8, 23563.5, 22684.7, 23135.9, 24426.7, 23205.2, 23108.8 
16150.8, 19089.2, 25413, 24928.4, 22942.3, 22785, 22343.2, 22331.1, 21411.8, 23532.4, 24560.3, 22898, 22055.5 
22206.8, 28449.9, 21951.4, 22842.2, 25761.3, 24032.1, 24099.4, 24371.9, 23065.8, 22385.2, 20684.5, 23575.4, 23852 
22653.2, 25748.8, 24256.1, 22671.8, 21868.1, 21034.5, 23588.8, 22331.1, 23926.8, 22229.2, 22942.2, 22444.8, 22073.9 
26828.5, 23537.8, 23384.2, 21783.8, 24262.5, 22038.6, 23723.9, 25271, 21578.9, 21767.4, 24515.7, 22258.6, 25053.6 
26562.8, 28027.3, 21805.8, 25750.8, 20761.1, 23478.3, 22729.3, 22247.6, 21602.9, 23391.7, 21823.7, 24272.9, 22519.7 
28763.8, 23537.8, 25076.9, 24011.9, 23034.2, 24032.1, 24550.8, 24988.5, 24060, 22723.4, 22022.9, 21890.8, 22878.9 
22653.2, 22392.6, 25582.7, 19861.4, 23219, 25012.1, 23320.9, 22499.1, 23427.2, 22746.1, 25056.2, 23457.9, 22258.6 
24046.9, 22958.1, 19799.7, 21783.8, 24604.2, 21928.7, 22924.8, 23358.4, 23271.6, 23532.4, 22002.9, 22314.3, 22974.4 
14332.9, 23304.2, 24581.2, 22002.5, 25658.6, 23793.2, 23354.2, 22725.1, 23168.5, 22997.6, 23965, 21403.9, 22147.6 
26828.5, 23892.7, 19865.7, 22057.5, 23126.4, 26513.3, 22957.5, 23622.5, 21650.9, 23345, 22529, 21475.4, 22000.5 
19512.2, 21624.3, 22543.7, 22615.2, 25968, 24681.1, 22407.1, 24220.1, 26383.1, 24321.6, 21450.2, 23224.6, 23871.9 
24775.6, 18434.2, 22543.7, 21459.9, 19281.6, 22148.9, 23622.5, 22982.1, 22014.6, 22542.4, 22203.8, 23051.1, 23438.4 
19512.2, 26663.7, 21878.5, 21035.5, 25050.7, 21928.7, 26217.2, 20926.6, 23220, 22140.5, 22063, 22388.7, 24011.5 
23808.8, 21950.3, 18279.7, 23892.3, 21824.5, 25095.6, 23023.2, 22219.8, 25041.4, 23792.6, 21843.6, 23772.6, 23438.4 
15675.8, 21841.1, 20882.5, 30288.5, 26176.4, 23013.8, 23221.2, 24988.5, 22785.7, 22430, 22183.6, 22388.7, 22000.5 
21769.2, 21841.1, 25076.9, 21567.3, 22354.1, 25474.5, 22957.5, 23241.9, 21650.9, 20956.1, 23235.9, 22370.1, 22632.5 
21769.2, 29460.7, 19024.5, 20312.8, 20927.7, 22633.7, 27403.5, 23534.1, 20549.8, 25011.9, 22426.9, 21872.6, 21781.7 
18019.1, 22504.6, 18463.2, 22002.5, 23830.1, 22075.3, 21406.5, 21998.8, 24113.5, 22905.8, 23193.7, 21945.6, 24496.4 
19707.3, 29314.1, 25244.4, 20516.7, 22176.1, 23517.4, 24480.8, 23534.1, 25321, 21572.5, 22325.2, 22240, 23911.7 
30231.1, 31749.4, 26360.5, 22446.5, 23126.4, 22861, 23254.4, 22109.1, 22459.1, 23321.7, 22183.6, 22073.9, 22955.3 
21769.2, 23072.9, 22694.2, 27546.8, 22805.2, 23361.3, 23622.5, 23681.6, 23741.5, 25339, 22406.5, 23832.1, 22463.5 
32091, 28449.9, 19668.3, 20262.2, 23080.3, 24112.3, 24480.8, 24311.1, 23873.7, 23228.6, 23384.2, 21511.2, 23772.6 
18938.3, 30204.6, 21951.4, 23187, 23782.5, 23635.2, 23962.1, 22668.4, 24600.4, 23626.7, 24293.9, 22500.9, 22332.9 
27641.4, 19280.6, 23462.2, 25944.4, 21307.4, 25602.1, 25735.1, 21698.6, 23479.3, 22587.5, 23683.6, 22147.6, 22974.4 
21986.9, 18712.1, 24581.2, 24557.7, 26545.1, 19034.3, 22632.1, 21563.5, 25632.2, 23275.1, 23067.6, 23477.4, 22632.5 
18565.1, 20986.7, 23935.4, 28741.3, 23735, 22596, 25993.5, 22499.1, 23194.2, 22655.3, 23151.6, 22332.9, 22878.9 
17664, 24496, 22998.3, 21892.9, 22533.5, 22297, 22089.5, 20486.8, 22811, 22385.2, 22838.2, 23379.9, 22783.8 
20103.5, 27337, 20882.5, 25053.2, 21053.5, 22861, 25771.8, 24341.5, 22836.4, 24007.6, 22284.6, 23282.7, 23673.8 
24775.6, 20572.2, 23151.9, 23014, 22309.5, 25902.3, 22121, 24371.9, 22559.1, 22951.7, 25262, 23654.1, 22821.8 
16475.5, 22617.1, 24827.8, 24253, 24506.1, 26958.6, 23622.5, 21698.6, 23794.3, 23792.6, 22083.1, 21421.8, 22651.4 
33063.4, 24252.9, 28838.8, 24374.4, 23034.2, 23244.9, 22632.1, 23183.9, 24875.1, 22837.2, 24096, 22917.1, 22783.8 
33063.4, 25114.6, 25497.7, 22057.5, 24069.3, 22709.2, 23421, 24129.5, 22384.4, 22318.2, 21983, 24598.6, 22557.2 
19904.4, 24865.3, 20606.4, 23714, 23172.7, 22075.3, 23791.7, 22443, 22989.1, 23321.7, 21121.3, 22240, 23031.9 
31773.3, 21950.3, 24745.3, 23071.5, 22759.7, 23013.8, 20863.4, 22696.8, 22659.5, 22610.1, 23214.8, 22898, 22444.8 
18019.1, 20165.8, 28457.4, 22558.8, 21955.7, 23322.4, 21590.6, 24341.5, 23040.2, 23485.4, 22631.6, 22129.1, 22745.9 
16974.7, 27611.1, 24256.1, 23773.3, 20513.7, 22297, 21529.1, 21698.6, 20300.3, 21986.1, 23130.6, 23852, 21138.1 
16640.3, 21516.7, 20675.1, 23129.2, 22398.8, 25053.8, 22184.3, 23387.6, 20120.8, 23721.3, 23554.8, 24011.5, 25730.4 
22428.9, 23773.8, 23151.9, 24742.3, 26072, 21245.7, 21714.3, 22415, 22434.2, 21400.7, 21923.1, 24071.6, 22147.6 
20507.6, 21841.1, 27802.2, 20619.4, 23925.5, 22899.1, 23791.7, 22782, 21675, 22564.9, 23405.4, 23971.5, 23634.4 
34750, 25620.7, 20469.7, 25879.7, 21955.7, 23872.6, 21072.9, 22782, 22938.1, 23251.8, 23362.9, 22708, 23185.9 
27367.7, 24252.9, 21303.7, 24928.4, 20719.6, 23478.3, 22794.2, 22924.7, 22887.2, 24031.6, 23426.7, 23911.7, 21763.5 
18750.8, 23188.3, 21162.3, 18474, 24702.7, 21530.7, 23962.1, 22026.3, 22659.5, 21942.2, 23405.4, 23243.9, 23852 
24287.4, 26399, 26802.8, 18474, 20148.1, 22483.4, 25993.5, 24039.3, 24301.7, 22587.5, 21391.8, 23340.9, 22240 
17489.1, 22170.4, 21805.8, 24253, 25403.5, 22785, 21223.9, 23068.4, 22760.4, 22452.5, 24249.8, 23931.6, 22092.3 
24046.9, 17276.8, 22543.7, 22057.5, 24950.8, 21423.4, 21932.3, 22331.1, 23040.2, 23112.8, 22529, 22974.4, 22166 
26299.8, 29168.3, 22024.6, 20060.8, 25864.4, 23400.2, 23221.2, 22611.9, 22861.8, 23485.4, 22244.2, 23772.6, 24131.8 
26828.5, 22170.4, 20882.5, 21459.9, 25000.7, 24072.2, 23488, 22867.5, 23427.2, 24565.9, 22386.1, 25137.2, 21836.2 
26828.5, 17801.7, 21951.4, 23187, 25100.8, 23361.3, 22184.3, 21617.4, 22409.3, 25112.1, 21803.9, 23832.1, 24212.3 
21129, 26797, 22394.1, 21838.3, 22398.8, 23167.6, 22567.6, 22867.5, 22938.1, 22610.1, 22776, 22727, 23051.1 
16974.7, 18994.2, 20952.1, 22002.5, 23034.2, 23090.5, 22503.2, 22247.6, 23297.5, 21876.5, 23769.8, 23438.4, 22898 
21340.3, 22281.2, 23306.5, 25241.5, 23782.5, 22671.4, 24656.2, 23859.7, 24737.3, 22974.6, 23943.3, 22764.9, 23438.4 
24046.9, 26007, 24175.5, 23478.3, 22759.7, 23052.1, 24903.8, 22924.7, 24655.1, 21702.2, 23384.2, 22802.8, 24414.9 
22653.2, 27201, 21951.4, 21838.3, 27080.8, 22371.4, 20744.6, 24709.1, 23900.2, 23674, 23405.4, 23089.5, 23516.6 
25023.3, 29756.1, 24745.3, 21892.9, 22220.5, 24846, 23221.2, 21671.5, 23245.8, 22030.1, 23769.8, 21890.8, 22314.3 
27367.7, 27337, 22543.7, 21892.9, 22896.5, 22861, 24341.4, 21536.6, 23401.2, 23321.7, 23512, 23418.8, 23991.5 
30533.4, 23420.7, 21661.1, 23014, 22578.5, 22975.5, 24030.6, 26933.5, 22484.1, 24419, 22508.5, 23497, 22917.1 
30533.4, 29023.2, 23697.6, 21892.9, 23687.6, 23793.2, 25956.5, 22303.2, 23323.4, 24370.2, 22284.6, 23321.5, 22651.4 
19319, 25493.2, 24910.6, 20363.6, 22714.3, 23322.4, 24341.4, 24616.7, 23194.2, 24639.7, 22365.8, 23360.4, 23931.6 
20103.5, 30813.3, 23384.2, 21567.3, 22488.5, 20756.1, 24762, 23416.8, 24247.8, 22997.6, 22755.3, 21945.6, 21745.4 
17144.5, 25493.2, 18279.7, 23303.1, 23830.1, 24928.9, 21529.1, 24311.1, 24060, 23043.6, 21983, 24232.5, 24414.9 
16475.5, 26797, 25244.4, 22842.2, 22443.6, 23478.3, 26292.1, 24832.9, 23065.8, 23959.6, 23726.7, 22708, 23224.6 
30231.1, 28735.1, 24993.6, 28669.6, 24262.5, 25095.6, 21869.8, 23126.1, 23014.6, 22497.4, 21883.3, 23555.8, 24172 
21129, 22730.2, 17447.6, 23361.4, 22578.5, 24476.4, 21807.5, 21916.6, 24902.7, 19736.3, 22406.5, 23832.1, 22936.2 
25781.6, 21197.1, 21445.9, 25431.3, 20391.1, 19711.7, 22375.1, 22982.1, 22785.7, 22474.9, 24360.2, 23070.3, 23128 
33394.1, 19965.6, 19668.3, 22390.5, 21011.5, 23361.3, 23825.7, 22555.4, 22887.2, 24345.9, 23834.7, 22557.2, 22444.8 
20507.6, 24989.7, 19279.5, 22671.8, 22220.5, 24112.3, 22503.2, 24988.5, 25717.8, 22251.4, 22123.2, 23128, 22037.2 
17664, 19473.9, 22468.8, 24928.4, 25658.6, 24354.4, 23825.7, 24740, 22409.3, 25670.4, 21843.6, 23772.6, 24721.8 
27641.4, 25114.6, 24175.5, 24132.2, 26492.1, 24846, 22957.5, 21780.1, 22938.1, 23345, 23726.7, 22821.8, 22184.5 
36522.7, 27611.1, 22319.7, 26534.1, 22988.2, 21746.9, 22216, 22810.5, 23583.8, 22162.6, 23448, 22129.1, 23070.3 
26299.8, 24989.7, 24418.1, 20516.7, 23830.1, 23361.3, 21807.5, 23979.3, 21602.9, 24273, 23341.7, 22203, 22594.8 
17840.7, 22060.1, 22098, 23654.9, 24900.9, 22408.6, 24306.7, 24678.3, 22861.8, 22497.4, 24008.6, 22184.5, 22727 
20712.6, 19866.3, 21589.2, 21567.3, 23973.3, 24313.9, 24133.8, 22725.1, 22760.4, 24127.9, 22043, 22670.2, 23792.5 
26299.8, 19473.9, 24418.1, 23303.1, 23358.6, 21674.6, 22599.8, 23446.1, 23820.7, 21464.9, 23214.8, 21945.6, 22708 
20304.5, 27611.1, 20401.7, 25115.8, 24950.8, 22596, 23122, 22303.2, 24006.6, 23745.1, 24404.6, 22557.2, 22240 
19512.2, 20572.2, 28838.8, 21838.3, 22988.2, 23439.2, 21042.9, 22331.1, 23557.6, 22052.1, 25469.4, 22092.3, 23812.3 
36161.1, 20165.8, 21162.3, 23361.4, 21435.5, 23872.6, 21652.3, 24341.5, 23610, 24297.3, 24030.4, 22184.5, 22519.7 
21769.2, 23188.3, 27617.7, 24072, 23405.4, 21034.5, 24306.7, 23711.2, 22709.9, 21811, 22858.9, 22351.5, 23536.2 
20103.5, 22843.9, 17274.3, 26401.9, 23452.2, 23322.4, 21807.5, 23241.9, 23245.8, 22251.4, 23278.2, 21799.8, 23713.3 
12719.6, 27611.1, 23151.9, 25494.9, 24262.5, 22408.6, 21559.8, 22953.4, 24930.4, 24079.7, 22022.9, 23713.3, 23654.1 
17489.1, 22958.1, 20333.9, 27962.6, 21607.5, 17896.8, 22279.5, 21563.5, 24655.1, 23345, 23004.8, 22821.8, 22708 
27641.4, 28592.1, 24745.3, 27823.3, 24408.3, 24599, 25225.8, 22953.4, 20825.5, 23368.3, 22570, 22936.2, 23477.4 
26299.8, 20778.4, 23306.5, 26934.6, 24900.9, 20618.3, 23122, 22359, 21602.9, 20851.7, 23214.8, 23595.1, 23205.2 
28479, 18526.4, 21733.3, 22502.6, 23034.2, 22975.5, 22503.2, 23039.6, 22684.7, 22385.2, 23640.6, 25116.2, 20479.5 
22879.7, 36326.2, 21589.2, 27409.5, 24702.7, 24970.5, 22439.1, 22555.4, 21819.9, 22700.7, 24117.9, 22878.9, 22221.5 
15990.9, 25366.4, 21517.4, 20312.8, 21053.5, 25773.2, 22216, 23068.4, 23065.8, 21854.6, 22467.6, 24131.8, 24578.1 
19904.4, 21841.1, 20131.9, 24072, 25403.5, 21783.1, 22057.9, 24129.5, 23117.1, 24152, 22529, 23282.7, 22689.1 
25526.3, 22617.1, 21805.8, 25494.9, 23925.5, 22709.2, 23122, 23534.1, 22584.2, 24419, 22900.5, 22727, 21982.2 
28479, 29460.7, 25244.4, 26074.3, 25100.8, 23952.2, 25625.1, 23859.7, 22659.5, 24031.6, 23130.6, 22745.9, 21890.8 
34406, 27065.7, 19279.5, 24374.4, 20844.2, 22671.4, 26217.2, 22359, 21531.1, 21723.9, 22590.5, 22018.8, 22240 
21340.3, 22730.2, 21878.5, 23478.3, 21780.9, 25305.4, 23056.1, 20056.3, 22211.1, 22074.2, 23088.6, 24151.9, 22802.8 
24046.9, 22617.1, 22618.8, 23714, 24165.7, 21783.1, 24762, 22527.3, 23375.2, 23674, 22549.5, 22184.5, 22955.3 
27367.7, 21197.1, 24663.1, 23654.9, 24117.5, 20584, 20685.4, 23770.5, 23453.2, 22096.2, 22224, 23321.5, 22444.8 
15832.6, 20368, 23075, 20211.6, 20678.3, 22297, 23825.7, 20926.6, 22559.1, 24419, 24471.2, 24232.5, 21982.2 
20304.5, 21303.1, 24256.1, 20262.2, 22264.9, 23952.2, 23588.8, 21916.6, 21246, 21294, 21159.8, 21315, 22240 
26039.4, 23420.7, 20882.5, 21892.9, 19436.3, 24763.4, 26632.1, 23622.5, 22887.2, 23112.8, 23986.8, 23713.3, 22689.1 
22428.9, 24132.2, 20401.7, 20568, 21824.5, 21210.4, 21621.5, 21295.8, 23091.4, 23182.2, 24426.7, 23302.1, 23852 
33394.1, 22504.6, 19603, 25750.8, 21737.4, 23400.2, 21163.4, 22782, 22014.6, 23768.8, 25124.6, 22670.2, 23031.9 
19319, 22843.9, 26448.4, 23303.1, 25302.2, 25773.2, 22794.2, 24678.3, 23953.4, 21832.8, 21665.6, 23070.3, 23497 
22879.7, 20065.5, 25413, 23361.4, 25050.7, 21104.7, 23254.4, 23563.5, 22559.1, 22162.6, 23151.6, 25432, 23713.3 
22206.8, 20572.2, 24337, 24496.4, 24069.3, 26249.7, 21745.3, 23919.4, 21128.4, 21832.8, 22345.5, 23991.5, 23012.7 
20507.6, 18619, 21092, 20262.2, 22759.7, 25095.6, 23287.6, 21295.8, 22684.7, 23650.3, 22858.9, 25389.7, 22594.8 
28479, 23537.8, 19279.5, 21406.4, 25505.2, 21783.1, 22957.5, 22839, 23014.6, 23745.1, 23662.1, 22898, 24313.4 
21340.3, 19866.3, 21733.3, 26401.9, 23358.6, 24273.5, 23893.8, 21671.5, 23040.2, 22951.7, 22467.6, 22727, 25368.6 
26562.8, 25114.6, 20537.9, 20983, 20927.7, 23090.5, 24445.9, 23622.5, 21795.7, 22723.4, 23554.8, 21386.1, 24991 
28197, 24374.2, 23618.9, 24680.6, 23735, 24152.5, 24691.4, 22753.5, 23142.8, 24986.9, 24227.8, 22878.9, 23128 
18565.1, 24012.2, 21589.2, 22558.8, 20969.5, 24846, 24797.4, 23358.4, 20504.2, 22474.9, 24942.6, 23673.8, 24374.2 
17144.5, 22281.2, 25328.5, 22502.6, 25916.2, 23090.5, 24341.4, 21889.2, 21941.4, 22997.6, 23490.7, 24804.4, 23693.6 
25273.6, 22392.6, 23384.2, 24132.2, 23312, 21892.2, 22279.5, 23979.3, 21340.6, 22905.8, 25377, 23951.5, 24313.4 
24530.3, 22170.4, 21232.9, 21140.8, 23735, 24970.5, 20218.3, 22359, 21844.2, 21658.9, 22570, 21279.5, 22110.7 
25273.6, 20778.4, 22319.7, 20010.8, 24069.3, 22709.2, 23320.9, 23387.6, 21795.7, 24370.2, 23278.2, 22917.1, 23614.7 
24287.4, 30967.4, 21805.8, 20722.7, 25607.3, 20756.1, 23354.2, 23387.6, 22634.4, 24541.3, 22611, 22955.3, 23931.6 
24530.3, 22617.1, 25244.4, 20774.5, 24165.7, 23832.9, 22567.6, 23979.3, 22459.1, 23579.5, 24448.9, 22519.7, 21279.5 
26562.8, 23304.2, 22769.9, 23245, 26020, 22520.9, 24797.4, 23039.6, 22359.6, 23626.7, 22611, 25095.3, 22632.5 
24530.3, 27065.7, 26098.6, 22956.6, 26176.4, 24192.8, 22343.2, 22555.4, 24682.5, 22655.3, 23834.7, 23282.7, 24496.4 
20103.5, 20778.4, 21445.9, 23773.3, 23973.3, 22408.6, 22439.1, 21780.1, 23847.2, 22251.4, 22796.7, 23379.9, 23205.2 
20712.6, 20065.5, 33946.6, 22057.5, 25100.8, 22747, 24550.8, 24895, 22861.8, 23650.3, 25216.1, 22689.1, 23991.5 
16640.3, 22958.1, 24745.3, 24742.3, 22668.9, 23013.8, 23122, 19174.3, 24086.7, 22318.2, 23683.6, 20840.9, 21909 
18938.3, 22730.2, 23855.8, 22223.4, 23312, 23992.1, 21745.3, 21807.3, 22260.5, 23816.4, 24762, 22632.5, 23051.1 
22653.2, 19965.6, 22845.8, 22899.3, 21911.9, 21928.7, 23188.1, 22924.7, 21675, 25542.4, 21646, 23205.2, 23340.9 
23339.6, 20778.4, 23075, 22671.8, 20678.3, 24722.2, 24341.4, 22527.3, 21316.9, 22362.9, 23921.5, 22745.9, 23634.4 
18565.1, 23892.7, 27162, 24313.6, 22533.5, 25137.4, 22375.1, 21242.6, 23900.2, 23205.4, 22942.2, 22277.1, 24192.2 
26828.5, 20165.8, 28743, 22785.3, 24069.3, 21855.8, 21345.4, 25684.8, 24194, 22497.4, 22734.6, 22576, 23733.1 
23808.8, 28592.1, 23384.2, 21406.4, 24702.7, 23595.9, 21714.3, 25019.7, 23900.2, 23182.2, 23726.7, 22859.9, 23497 
20919.8, 27611.1, 20333.9, 23832.7, 22942.3, 22185.9, 22696.8, 23241.9, 20848.7, 23626.7, 24271.9, 23536.2, 22221.5 
18565.1, 18070.1, 21517.4, 22502.6, 22488.5, 23013.8, 23757.8, 22136.7, 23980, 22768.9, 22123.2, 24272.9, 21457.5 
27367.7, 21091.7, 22468.8, 23361.4, 25709.9, 23714.1, 22471.1, 21861.9, 23245.8, 21166.6, 22002.9, 22878.9, 24131.8 
20507.6, 21516.7, 27617.7, 20826.4, 22043.6, 26646.1, 21901.1, 26400.5, 21411.8, 23275.1, 22002.9, 24172, 23693.6 
18019.1, 25620.7, 21805.8, 23832.7, 22623.7, 21494.8, 23421, 24402.4, 24437, 21230.2, 22672.7, 23555.8, 23360.4 
14621.1, 23773.8, 27802.2, 24072, 24801.6, 21175.1, 25552, 21295.8, 22634.4, 22723.4, 22714, 22370.1, 23634.4 
22206.8, 18342.5, 25076.9, 21140.8, 22309.5, 19843.5, 21776.3, 21861.9, 22938.1, 22791.6, 23257, 24804.4, 22092.3 
19707.3, 27473.7, 20065, 21246.6, 24950.8, 23244.9, 22057.9, 23622.5, 25069.2, 23112.8, 22714, 22974.4, 20962.8 
32091, 23892.7, 22394.1, 22502.6, 24117.5, 21965.3, 21776.3, 23300.1, 25208.8, 23251.8, 21567.4, 23399.3, 21709.2 
29635.4, 23773.8, 26713.8, 22223.4, 23499.1, 20929.7, 22892.1, 24159.7, 21058.1, 22587.5, 23878.1, 24414.9, 22859.9 
18381.3, 22504.6, 19668.3, 23654.9, 23687.6, 22747, 21498.3, 23622.5, 22063.6, 23438.5, 22611, 23321.5, 24374.2 
20712.6, 17713.1, 23618.9, 20878.5, 23925.5, 20584, 24341.4, 22611.9, 24382.8, 23911.8, 21903.2, 22240, 23438.4 
20919.8, 22504.6, 21303.7, 21193.6, 23080.3, 23167.6, 20655.9, 26203.4, 22659.5, 23112.8, 23490.7, 23108.8, 24131.8 
21986.9, 26797, 19931.9, 24804.2, 20554.7, 22408.6, 23488, 22499.1, 20481.5, 22096.2, 22529, 21015.2, 21032.8 
15366.9, 26137, 24175.5, 22002.5, 22850.8, 21928.7, 24550.8, 22555.4, 21626.9, 23697.6, 23067.6, 22482.2, 23070.3 
18381.3, 24132.2, 23151.9, 24374.4, 24214, 23595.9, 21963.7, 22782, 22161.8, 22791.6, 23426.7, 24252.7, 23243.9 
22428.9, 23892.7, 29322.6, 20930.7, 20927.7, 25859.2, 22152.6, 22696.8, 23194.2, 22587.5, 23405.4, 21945.6, 22651.4 
22206.8, 26663.7, 20675.1, 25815.2, 26972.8, 18782.4, 23893.8, 21671.5, 21868.4, 24370.2, 22652.2, 22670.2, 23733.1 
23108.5, 19669.1, 25497.7, 24435.3, 23405.4, 22747, 22279.5, 20926.6, 23980, 22407.6, 24096, 24272.9, 22314.3 
23108.5, 18342.5, 27343.4, 21035.5, 22220.5, 25432.1, 24903.8, 25910.4, 25349.2, 22273.6, 22022.9, 22878.9, 21529.1 
19512.2, 25114.6, 23540.4, 21947.6, 23405.4, 24435.7, 25661.7, 22839, 21771.5, 21942.2, 23965, 21565, 23089.5 
20304.5, 22958.1, 25076.9, 21567.3, 25403.5, 21783.1, 24376.2, 23300.1, 22161.8, 21637.3, 21923.1, 22936.2, 23516.6 
21553.7, 24865.3, 19865.7, 24928.4, 18787.2, 21210.4, 23056.1, 22164.4, 23065.8, 23182.2, 22983.9, 23379.9, 22802.8 
18199.3, 22504.6, 24663.1, 21892.9, 24069.3, 21387.7, 23023.2, 24524.6, 23479.3, 22096.2, 24008.6, 22000.5, 22993.6 
16806.7, 23892.7, 25925.5, 25879.7, 21955.7, 23206.2, 22311.3, 23068.4, 22384.4, 24370.2, 21411.2, 22110.7, 22240 
18019.1, 21950.3, 22171.7, 21783.8, 24214, 22558.4, 22761.7, 23155, 24033.3, 20706.3, 23172.7, 24887.1, 22519.7 
18199.3, 21732.4, 23855.8, 21675.3, 21137.8, 22222.8, 25808.7, 21807.3, 23505.4, 22837.2, 22447.2, 23693.6, 21927.3 
22206.8, 27473.7, 24175.5, 25944.4, 20027.6, 24072.2, 23155, 21889.2, 23583.8, 23275.1, 23046.7, 22936.2, 21529.1 
20712.6, 22281.2, 20401.7, 21567.3, 27135, 22633.7, 26329.7, 22471, 22484.1, 24961.9, 23490.7, 22613.7, 23516.6 
21986.9, 19280.6, 20675.1, 19517.3, 22309.5, 22297, 24065, 22387, 23583.8, 20956.1, 22022.9, 24172, 23477.4 
22653.2, 27337, 23462.2, 21246.6, 24900.9, 20379.3, 22826.8, 23097.2, 23953.4, 24321.6, 20892.3, 22444.8, 23282.7 
25781.6, 26137, 22171.7, 20774.5, 23735, 25053.8, 21012.8, 25051, 22861.8, 23368.3, 23705.1, 23185.9, 22110.7 
15990.9, 22730.2, 23151.9, 24313.6, 24653.4, 21674.6, 22216, 21031.4, 23323.4, 22951.7, 23899.8, 23205.2, 23555.8 
25526.3, 24865.3, 24910.6, 21246.6, 23640.4, 23244.9, 22957.5, 24709.1, 23767.9, 22655.3, 22672.7, 23931.6, 23497 
29342, 24496, 24910.6, 22223.4, 22220.5, 22975.5, 22696.8, 22555.4, 21293.3, 22768.9, 23067.6, 22129.1, 23089.5 
18019.1, 26267.7, 25328.5, 19275.1, 23034.2, 24273.5, 21254.2, 22499.1, 24006.6, 22951.7, 23299.3, 24496.4, 22295.7 
32091, 26663.7, 19865.7, 24990.7, 22578.5, 23052.1, 21315, 22053.9, 20848.7, 23650.3, 23748.2, 23852, 23477.4 
21340.3, 25877.6, 23229.1, 24072, 20969.5, 24233.1, 23155, 21242.6, 20825.5, 23089.7, 21547.8, 23477.4, 23263.3 
20304.5, 18526.4, 21232.9, 23952.1, 24165.7, 25602.1, 22311.3, 21698.6, 20436, 23864, 22244.2, 22594.8, 23595.1 
15520.6, 24374.2, 27894.8, 20619.4, 22850.8, 23952.2, 22184.3, 24524.6, 20527, 21767.4, 21963, 23536.2, 25474.5 
25023.3, 21841.1, 24418.1, 23714, 20107.8, 22446, 22057.9, 20461.2, 21795.7, 21986.1, 21803.9, 22917.1, 23971.5 
11287.9, 20368, 22245.6, 20671, 24653.4, 21746.9, 21437, 24129.5, 23453.2, 23275.1, 23469.3, 21982.2, 23772.6 
25273.6, 24496, 24993.6, 24619.1, 25607.3, 25137.4, 22343.2, 23212.9, 22014.6, 22632.7, 24582.6, 22407.4, 23812.3 
28479, 23773.8, 19603, 22390.5, 20269.2, 24152.5, 24939.4, 24009.3, 21269.6, 23983.6, 21508.7, 24496.4, 23654.1 
21553.7, 24374.2, 22319.7, 25115.8, 24021.3, 21352.1, 22535.4, 20848.3, 23926.8, 20851.7, 22183.6, 22129.1, 25263.1 
20304.5, 26663.7, 26981.8, 22502.6, 23034.2, 22822.9, 20685.4, 23534.1, 23741.5, 21767.4, 21843.6, 22821.8, 24051.5 
20919.8, 19669.1, 20675.1, 21353, 21650.7, 20618.3, 24202.8, 23416.8, 22634.4, 23959.6, 23257, 23457.9, 23360.4 
14332.9, 20165.8, 19215.4, 23419.8, 21955.7, 24032.1, 25261.9, 21889.2, 22434.2, 23485.4, 22921.3, 22727, 22240 
20919.8, 22617.1, 23151.9, 25178.6, 21780.9, 22671.4, 21995.1, 23387.6, 21941.4, 22655.3, 24448.9, 21565, 23457.9 
19707.3, 21303.1, 22921.9, 24011.9, 25761.3, 21494.8, 26480.5, 23770.5, 22137.2, 22542.4, 22942.2, 23516.6, 25053.6 
12223.3, 21841.1, 24910.6, 27002, 22896.5, 25988.7, 20392.2, 23183.9, 24627.7, 21789.2, 22224, 24333.6, 21963.9 
25023.3, 24741.6, 28268.6, 27205, 23405.4, 24722.2, 23354.2, 22247.6, 23142.8, 23205.4, 22083.1, 22670.2, 22745.9 
19127.7, 19669.1, 24256.1, 26074.3, 21955.7, 20143.1, 24133.8, 23681.6, 22836.4, 22610.1, 23597.7, 22463.5, 22407.4 
24530.3, 24252.9, 21951.4, 23654.9, 24457.2, 22937.2, 22026.5, 23534.1, 23401.2, 24345.9, 22304.9, 23051.1, 22482.2 
35097.5, 22170.4, 24337, 20774.5, 24457.2, 22408.6, 19960.2, 21889.2, 26530, 21680.6, 23469.3, 23852, 23772.6 
21340.3, 22843.9, 23306.5, 19227.1, 22087.7, 22408.6, 22696.8, 23126.1, 24464.1, 23579.5, 21963, 21818, 23205.2 
35097.5, 24741.6, 20131.9, 28243.3, 24021.3, 22747, 23287.6, 22611.9, 24655.1, 23959.6, 22734.6, 23399.3, 22444.8 
21129, 25748.8, 20199, 20878.5, 21307.4, 21928.7, 23387.6, 22415, 23245.8, 22162.6, 22652.2, 22993.6, 23051.1 
19127.7, 24741.6, 22543.7, 24072, 24604.2, 23478.3, 25010.7, 22896.1, 24709.9, 23959.6, 23046.7, 22708, 22745.9 
18938.3, 18805.7, 23462.2, 21675.3, 20472.7, 25474.5, 23521.5, 21402.5, 21819.9, 22951.7, 24897.3, 24414.9, 22594.8 
25023.3, 19866.3, 26713.8, 21729.5, 23358.6, 24435.7, 24202.8, 24957.3, 24328.7, 22746.1, 22755.3, 22613.7, 23991.5 
18565.1, 26531, 21733.3, 20211.6, 24165.7, 24313.9, 23287.6, 20232.5, 23479.3, 22928.7, 22406.5, 25158.1, 23128 
20507.6, 28027.3, 22845.8, 26204.9, 21999.6, 23793.2, 20744.6, 24311.1, 22559.1, 22768.9, 25170.3, 20445.4, 23634.4 
17840.7, 28735.1, 21374.7, 23832.7, 23640.4, 20652.7, 21776.3, 20900.4, 22963.5, 23391.7, 23705.1, 24374.2, 22670.2 
