53.2678
44.8229
62.4727
35.5691
41.1434
57.3547
57.1318
49.8934
69.1312
41.1242
50.9893
36.8161
38.554
34.1376
35.2282
42.5731
54.3174
29.761
36.2116
61.258
44.1941
38.0222
48.3615
38.0222
66.3244
47.021
37.6972
35.0045
50.7692
50.58
43.3259
40.4269
37.4412
49.2251
57.8815
31.5041
52.758
33.3629
46.9085
47.7335
58.3409
56.6912
33.5916
50.9304
37.1886
48.3615
43.9738
67.2343
34.4576
50.1201
56.1856
32.3356
54.8579
35.8001
26.2534
42.7381
45.9315
47.4255
38.4196
69.023
49.0064
42.1661
44.4614
61.5143
43.051
66.0018
45.2831
39.6634
32.241
53.0117
54.8238
37.7618
58.3409
40.3806
50.4642
36.7548
61.258
60.5848
29.7208
49.8934
32.0536
40.8386
41.1434
63.0983
56.6548
38.1537
75.2657
45.3763
37.6329
41.9256
45.0058
39.1008
51.5254
39.6634
48.2557
46.4271
40.2425
46.3295
31.5041
61.3432
41.1434
38.9627
36.2414
42.6554
64.8614
46.3295
48.3615
36.6327
78.167
36.6327
38.0181
41.0668
41.747
39.0965
53.5264
47.1215
41.6092
57.1318
71.8334
32.4303
39.0316
51.7673
42.5731
37.9894
35.4548
38.1537
75.2657
33.8234
41.6092
39.1008
42.328
35.2282
45.3529
47.1215
54.0511
29.9631
53.7875
39.0489
42.2469
42.5731
62.8287
57.1318
41.2203
43.8427
42.0856
46.6234
44.2606
59.4417
38.6723
30.8864
30.6077
104.392
31.2364
42.5731
41.747
36.0341
54.4515
40.8386
44.2606
51.5254
50.8131
33.6172
59.6023
37.2515
50.0633
35.5691
57.4106
48.5746
31.0604
34.5656
46.476
53.8531
41.6878
51.3753
47.941
39.2051
41.2975
79.0425
35.0593
45.5638
35.9167
61.0038
44.7093
30.2508
47.7077
46.3295
38.0222
42.6554
36.8161
36.5114
38.2199
45.8957
59.6023
49.837
50.349
39.3757
46.525
39.1703
41.4528
55.3397
42.8211
45.0979
47.1215
34.5656
47.941
39.6634
30.8864
62.6502
44.4166
45.0058
33.8104
55.5488
54.5863
39.5213
67.2343
44.6301
48.3615
47.7335
44.0177
28.6773
35.3411
45.5638
51.4653
42.2469
42.6967
39.0662
36.5114
37.2515
45.3763
48.7895
56.0785
31.6851
49.4459
36.2116
39.2225
39.5213
56.2573
49.1155
33.1373
50.1201
50.58
30.4598
36.0931
27.9859
38.8255
39.24
45.5402
43.4111
42.0055
66.2124
63.7366
44.5512
38.1537
39.1008
48.7895
34.7289
36.0341
30.9731
34.4038
50.2057
44.7547
36.3909
40.6504
43.4111
80.7058
46.3295
42.988
46.476
40.7631
35.8001
42.6554
52.6321
47.7335
58.9649
42.5728
61.3858
56.4373
38.2862
38.996
34.2436
49.1703
43.669
49.0609
76.028
37.6329
47.4766
40.3899
64.0141
46.6234
38.8255
68.2751
65.9278
49.3905
54.1839
37.1886
55.4092
41.7668
46.3295
32.8657
48.2557
51.0483
44.4614
39.9328
53.0117
33.8234
76.3405
37.1573
72.7817
32.3356
49.8934
42.9044
42.4094
54.5863
44.6414
45.5638
49.0064
45.6109
38.554
34.3503
30.4545
57.0948
37.4412
40.5384
40.8386
44.4614
46.3295
35.6842
29.9631
53.2678
46.6234
37.4571
51.6763
45.1903
54.9947
36.9859
46.1357
41.2975
67.2343
66.8269
46.1357
39.9508
39.5922
49.7807
37.7618
37.5049
43.5827
38.7232
43.072
45.3763
34.6743
52.695
42.988
43.2409
76.028
55.2703
43.2409
44.2384
69.3452
30.8001
35.8001
26.129
45.5167
61.9462
40.529
42.7381
31.2142
60.5848
35.5119
31.3251
54.0511
37.7618
55.6539
31.8568
69.7875
74.8189
41.1051
44.732
59.5219
46.2324
42.4094
45.2366
38.5497
35.2282
42.2469
31.9607
31.7765
53.0117
32.768
40.7631
49.4459
56.2573
49.0064
46.6234
33.9275
56.6912
39.5213
32.8168
44.732
65.6335
45.4698
55.5488
44.0617
41.1434
37.4412
40.2425
33.6036
45.1672
62.8287
29.9631
38.0222
56.2573
53.7875
43.6474
43.5397
45.0058
51.8891
83.3757
33.4134
36.2712
45.3296
29.3256
33.2121
49.9499
58.0339
28.7896
30.5441
42.2469
36.3309
46.525
43.3685
72.8418
53.2678
29.0169
38.0222
39.5922
41.375
40.2425
32.6226
36.7318
42.9044
41.5994
41.5308
53.1394
45.9435
44.4614
35.2846
56.8373
34.525
42.063
58.9649
40.0961
34.8386
40.8386
44.8001
41.7668
40.8386
48.5746
46.2324
34.5927
47.1467
38.1868
61.6002
50.522
54.0429
51.2857
80.9279
42.4094
52.758
45.5167
31.1922
53.3968
59.2819
40.2425
38.4196
58.4182
43.93
46.3052
39.6634
34.6743
26.379
46.5005
76.2415
35.5691
48.6818
47.3237
34.7837
54.5863
62.4727
35.3411
46.8711
56.4734
40.0233
37.5049
35.2247
42.4094
56.5458
53.3968
41.3556
36.6327
38.0222
