38.9584
59.7436
41.375
37.8915
43.6474
45.5638
37.1182
43.3259
52.8846
37.3698
63.6906
41.375
32.6226
35.116
49.1703
29.5565
25.8533
44.2606
38.5371
45.1903
55.3397
36.5114
51.5254
40.2425
39.8066
48.1504
35.5083
34.5656
39.5567
47.1215
37.9894
31.1344
38.1537
35.8001
36.0341
36.9395
30.2924
54.0511
37.7618
44.1057
40.6879
43.4111
53.1394
49.1087
41.7174
39.3099
42.4094
44.1057
44.8227
33.8234
50.522
43.4968
31.1481
39.5213
41.5504
40.464
41.4528
39.1008
50.1201
54.8579
39.6634
33.6172
38.2862
44.4614
53.3968
68.2751
39.2924
36.4812
40.3899
26.8937
31.3251
46.0875
64.6712
31.6851
47.4255
61.258
53.7875
34.6471
37.1417
45.3763
70.5692
72.4232
27.6179
37.5049
38.4196
55.9717
33.4134
67.2215
42.4094
39.2924
37.6329
58.3409
37.2515
56.6184
35.4548
38.6892
39.24
43.7557
36.5114
54.5188
28.0749
59.5219
30.2924
43.93
48.2557
47.273
43.072
45.3763
35.6842
46.7222
45.3763
30.6929
47.9671
40.2425
38.4029
38.0222
38.8939
39.9418
34.7837
32.9639
39.3099
41.9256
48.2557
48.5746
40.8765
37.5688
45.5623
42.1661
38.4196
42.988
51.0483
55.0633
66.5245
51.7673
66.7258
41.6092
42.988
56.2573
51.2559
56.9841
41.443
40.6856
46.921
36.0341
43.6474
45.9435
46.921
40.6879
49.557
57.392
38.4196
41.2589
37.5049
43.5827
59.2819
52.258
34.7837
68.2751
53.0037
48.203
38.4113
50.522
47.837
39.7707
35.9313
45.7054
28.1107
54.8579
58.9649
35.9167
81.6773
45.9435
42.7381
32.7924
57.3547
42.8627
39.4947
48.7356
43.7557
45.3763
57.392
44.6414
50.8131
45.4698
37.9567
51.7673
26.7632
37.6972
60.5017
32.5024
63.7366
59.6023
36.8777
38.6553
57.4293
41.2589
86.2704
37.2515
46.1357
47.5277
39.7707
76.7724
37.0014
42.6554
42.3686
86.144
26.129
40.8375
48.0978
50.349
37.1886
35.9753
69.0771
54.3174
60.4136
52.0115
42.9462
55.83
55.5488
31.5435
30.9731
53.0117
64.1072
39.7349
46.5742
42.9044
33.72
75.5235
55.954
41.7668
37.7618
49.1155
40.2425
35.6806
47.5277
49.3353
57.2059
44.5512
43.3259
47.3237
50.1201
47.0712
42.9671
32.0303
60.5848
32.5744
58.5345
41.4138
35.5691
37.8245
46.6727
34.9491
39.24
38.5203
41.4528
28.7147
43.072
53.7875
41.0668
35.2564
35.4548
60.9195
40.7631
58.6317
37.7618
48.0193
37.0636
43.4111
76.5724
37.3777
45.6581
83.8512
41.2975
56.5458
38.7562
45.3763
38.3987
29.6012
48.7895
34.7837
49.6686
35.116
46.7965
39.2225
51.7673
44.6414
35.5119
45.9435
51.9502
45.9435
50.1201
53.919
41.4138
51.0483
49.8863
35.9167
39.24
61.258
32.5985
70.3441
39.3099
41.0668
31.8683
61.046
29.9631
34.8938
45.5402
34.5622
45.2831
36.9395
30.8001
35.5691
45.3704
60.7517
38.2862
42.0055
42.8627
34.3503
30.629
37.8915
42.2064
44.4611
60.5848
39.9418
36.3609
41.0668
36.4812
44.2829
50.6817
42.2469
49.1977
37.5688
43.3259
47.1215
47.7077
50.113
64.8614
55.0633
37.0014
56.8373
35.5691
32.768
49.5292
55.9362
47.1215
46.525
54.5863
38.8768
55.6891
43.7557
43.7123
73.8789
29.8012
45.0979
48.3615
40.5384
53.0117
37.3738
49.4459
34.4576
40.6879
36.3909
46.1357
44.8913
55.1322
46.1357
37.7618
43.669
35.4548
53.919
57.7111
42.0856
44.4614
94.0421
43.4111
43.9519
47.837
61.8594
49.3905
40.3899
35.116
57.1318
37.3777
48.3615
76.9733
34.8938
55.4092
42.6554
29.6409
42.7381
41.4528
36.6784
32.7924
39.9508
35.8001
47.1971
40.8009
35.2775
39.9508
61.6002
35.2142
55.9673
42.328
49.8652
34.8938
69.5605
40.613
49.4459
36.7242
33.515
42.2469
41.4138
43.7123
52.0115
60.5017
40.9857
44.8229
38.554
49.2251
42.5731
41.4528
43.2409
58.9649
45.4698
45.5638
46.525
34.9768
62.1207
45.5638
53.1394
53.1394
35.946
53.1394
61.4286
51.5254
43.669
82.0572
38.4867
38.1537
38.8255
43.8863
57.9957
34.7837
46.5742
38.5497
50.349
36.5114
43.03
51.5254
38.554
31.5027
43.5827
75.3944
39.9508
32.8168
44.8229
37.7295
38.7572
32.7194
43.5827
35.9753
43.93
43.2356
72.0682
37.7618
31.3251
65.5117
34.6607
31.5041
42.9044
41.1434
35.9167
47.7852
37.126
33.2372
51.7673
43.8209
45.2831
46.3052
60.7517
45.1903
38.0058
31.3251
38.4867
61.2154
46.996
36.2265
68.0644
62.3843
58.6512
65.7804
51.6461
74.2521
46.525
68.4872
36.0341
47.941
41.1434
31.6851
42.6554
