50.349
45.5638
38.1537
34.7803
36.4661
59.2023
43.1986
47.1215
28.7521
67.9595
32.0536
43.7557
34.5588
51.0483
45.0058
44.2829
33.8104
52.0115
47.889
57.3547
35.5691
52.758
37.22
52.258
63.9213
45.3763
49.0064
47.7335
34.5656
45.9435
45.5638
43.1563
69.1312
45.1903
44.0177
60.0895
49.6686
36.9704
27.5575
45.3296
58.1103
36.5076
37.2515
45.3763
31.7536
31.3251
43.2409
36.5114
64.8614
45.848
47.1215
36.8469
43.051
46.3295
58.1774
48.3615
42.7381
61.258
37.8915
37.6248
39.5922
40.5384
36.87
36.7548
52.5068
36.3534
68.7541
59.4417
57.2802
40.1692
29.9225
51.6461
37.5049
48.7895
37.7618
34.8662
37.5049
42.0455
64.8614
39.24
50.0065
52.8846
42.5526
54.5188
62.6498
64.8375
36.0341
65.0527
40.1692
50.58
39.4506
44.1057
46.424
51.5254
40.0233
37.5049
47.3237
40.2425
41.2203
44.4111
54.5694
49.0064
54.3174
41.846
43.2409
40.7631
37.6329
38.1537
43.93
46.8214
71.1383
48.7626
31.9144
42.0856
46.921
42.7381
53.7875
46.0394
39.5745
52.1344
34.6743
42.9044
46.3295
55.9008
43.3205
70.2251
48.6818
34.88
56.4734
51.4653
49.4459
48.5078
40.2425
65.1488
56.2573
52.1036
39.8066
35.0602
44.8229
40.6879
37.6972
47.7335
49.6127
51.7597
48.3582
32.4307
49.6616
33.2121
49.2251
49.7807
40.7631
37.0014
45.9435
45.8003
41.4528
64.3879
30.9731
44.732
42.0856
52.3821
40.8386
33.566
32.147
42.2064
45.1903
45.1903
53.0117
98.4503
33.4134
46.3295
59.7234
36.0341
36.9704
55.5488
58.3409
47.9932
47.1215
44.1057
55.4092
36.7548
39.5213
54.5525
57.392
54.3174
62.6502
36.8777
48.952
38.253
42.2064
40.5384
45.0058
51.8433
45.848
41.1434
72.4827
43.2409
41.1434
47.1215
52.0115
53.7875
29.8012
54.5863
30.8864
62.9632
39.5213
41.9256
54.1839
33.3125
49.9357
34.6743
77.6338
34.4441
46.7222
53.0117
54.9262
62.8175
57.5793
44.0177
49.8934
38.2199
30.4598
49.4459
46.921
38.0878
60.0078
36.7395
44.6414
36.2712
38.6892
39.3801
36.7242
52.8846
43.4968
43.4111
35.7711
48.6684
36.5114
32.6226
32.0536
40.4269
46.0875
42.9044
37.9894
35.8001
45.0979
51.3454
46.8711
37.5608
50.4642
33.8754
50.5655
28.865
34.7837
45.0748
50.349
34.7494
41.747
34.6743
41.4528
58.8862
45.5638
38.9627
45.5638
28.7896
51.0483
28.3456
30.629
45.4698
40.464
37.22
51.0483
75.783
33.1124
37.5049
34.6743
49.0064
44.8001
62.8287
32.7194
44.6358
30.9731
33.7587
40.8386
71.6002
50.8131
54.284
52.3821
63.9213
41.2107
42.389
41.7569
38.2862
31.8683
32.1002
34.8352
32.9147
30.9731
39.0835
45.3763
37.126
44.732
37.173
71.1383
50.58
34.2436
38.1537
52.758
50.58
48.4146
38.6887
43.2833
51.9502
67.6468
45.6581
62.3568
35.2001
39.3801
38.4699
49.9923
37.8103
41.2203
88.2115
44.0617
61.2154
58.9649
41.925
56.2573
46.2324
35.116
45.848
40.7631
41.4528
42.2469
55.1149
42.8211
72.902
50.4354
49.837
56.8373
31.3251
67.337
33.515
52.3821
30.4598
39.1008
43.2409
46.7222
42.2469
72.7817
29.1319
44.9142
54.284
37.126
38.6892
44.0177
47.0712
35.9167
37.6329
50.1201
44.4614
39.5213
57.4293
37.7618
42.156
42.9044
43.93
48.3615
34.5656
50.7838
34.6743
32.8168
48.952
43.7557
32.0536
51.5216
38.554
43.7557
49.7807
41.1434
46.7222
49.8934
34.6743
50.349
63.3248
32.8168
47.4255
33.72
49.6546
40.3068
36.0341
47.7722
59.0834
42.0856
44.5512
45.5638
39.9508
47.1719
82.75
65.0527
64.3879
42.0856
43.051
42.9671
42.2469
40.2425
43.7123
48.6281
36.2712
37.6972
55.9362
51.6763
31.9607
48.5746
35.5119
39.0316
51.6461
45.848
45.4698
36.5114
55.6891
50.58
44.6414
32.0536
52.4444
58.3361
44.2829
48.7895
72.6618
41.4333
48.7356
34.3503
39.3099
46.2324
46.525
50.349
38.3528
53.5264
34.006
33.3629
33.6171
32.5263
66.8269
31.3251
54.0511
40.316
56.6821
68.381
49.0064
53.3322
38.8255
32.2351
53.0117
36.451
50.522
76.0444
48.7895
36.5114
38.8255
43.2409
38.8255
46.921
46.1357
41.7075
38.0222
42.0455
72.5423
44.7774
38.2862
53.6566
47.941
49.6127
41.7569
55.3397
47.1215
42.2064
59.9161
35.2846
59.5219
41.2975
46.0394
49.557
41.9256
43.03
36.451
33.3125
44.0177
61.6002
41.1338
45.7528
40.8009
29.0935
34.8386
41.9256
46.3295
36.5114
47.941
38.6892
48.6818
44.8229
35.2564
