36.6175
78.3405
46.7222
51.8891
33.2121
42.0856
48.3615
44.6414
43.5827
34.5656
45.0058
49.557
43.93
38.554
40.6879
35.3376
44.8229
46.5742
58.187
45.9435
35.8875
71.6002
35.0045
40.464
45.5638
37.8915
44.2829
38.6723
45.423
46.7222
37.7618
51.0483
49.8793
32.9147
33.4134
36.3759
49.2251
52.695
42.9044
32.0071
62.2962
44.2829
48.0455
44.372
89.2829
49.8934
53.4939
34.2968
38.2862
49.0882
44.8172
50.58
36.4812
37.6811
50.1201
28.3274
35.8001
48.5746
36.3234
46.7222
69.2398
60.5848
38.2862
46.525
44.4614
41.2203
38.7572
45.0058
44.5512
40.2425
40.3897
50.4642
48.8977
41.0668
31.8683
51.7673
54.2506
47.7077
72.4232
37.6289
38.1537
49.1155
36.7548
40.1692
50.349
43.072
65.8049
44.6414
36.3871
44.8229
51.2857
41.7668
55.6891
54.5863
102.751
48.5746
42.4094
56.1856
41.2782
34.7837
61.2526
46.3295
53.5264
35.6842
31.1042
43.2833
37.7618
44.0177
87.5114
42.4094
43.5827
50.0065
37.126
37.7618
46.9085
61.6002
38.6892
33.4134
47.7335
48.3615
38.9283
31.9029
55.1322
51.2187
46.4271
37.126
40.8386
61.6002
38.6892
30.3549
41.2975
55.1322
63.1887
36.2116
39.8786
42.0055
35.3341
41.4138
50.349
49.0064
47.4766
37.2515
39.24
50.1201
67.6468
32.6709
64.1072
31.0604
44.1941
37.126
49.837
37.3777
53.0117
37.2515
49.1155
57.3453
36.9395
31.2364
47.021
44.4614
43.3685
34.7768
49.8934
31.2364
46.6234
51.0483
35.5119
44.2829
35.8001
40.8386
53.3645
40.8197
54.1839
42.7381
41.7273
52.5068
52.758
45.0979
35.8001
33.8234
43.072
40.2058
46.2324
32.3831
45.1903
67.2343
27.5661
53.2356
30.4598
43.93
33.1996
39.6634
39.3801
49.1155
39.3779
44.1057
29.7208
35.2282
58.8862
34.0322
50.349
32.0063
30.9731
36.0341
59.7234
34.6743
39.24
35.2564
35.2846
46.2324
39.3801
30.7571
50.1201
52.3821
34.8938
44.4166
50.9304
37.2515
42.5731
46.7222
55.1322
45.9315
35.3979
37.3145
47.4766
47.5277
37.2515
59.2819
66.4243
47.021
57.1318
34.4576
43.2409
53.0117
43.5827
31.5717
40.0961
55.1322
39.1008
70.0091
70.1204
51.8738
44.7774
42.8627
28.3456
34.0322
40.2425
38.8255
62.2962
56.9749
34.4568
54.7217
41.409
56.2573
57.73
53.5264
44.2829
32.241
43.4111
44.6414
71.3685
38.4196
36.8777
34.4038
34.0322
40.8197
70.4564
44.732
61.173
28.2006
33.1124
40.3899
62.5502
53.985
41.4528
59.9263
39.9508
40.7631
35.6842
35.5673
40.0961
47.5277
51.4053
66.7763
30.8864
45.3529
39.5911
57.1318
50.4642
45.5638
45.9435
39.345
56.1142
71.9506
42.4094
43.3259
30.7786
51.4053
33.7716
41.6092
30.0858
36.2712
41.6092
38.0222
38.8597
43.2409
37.0014
50.9304
40.9144
54.9947
38.554
31.8683
46.2082
38.9627
35.8001
37.3738
43.2197
80.4849
46.921
42.0655
36.5719
56.2483
48.8706
50.1201
50.7546
59.9263
42.9462
34.4038
37.3145
37.126
53.2678
46.4271
55.9717
37.0948
44.3218
30.8432
38.2862
37.6329
30.8001
42.3077
40.3529
56.6912
36.1522
39.1008
42.8211
54.5188
49.3905
50.1201
45.5638
61.6002
65.1488
44.8229
62.5613
58.2638
56.5458
57.8815
31.6738
34.8938
42.4094
51.5254
52.8846
41.6878
31.8223
72.4232
36.8777
33.3125
41.6092
49.6686
42.8211
39.8066
37.2515
42.0055
54.0511
44.5963
59.2819
40.8386
64.0141
36.6327
48.3615
39.9508
50.1201
40.5384
64.3879
58.1678
29.6409
36.0931
33.72
47.889
37.2515
43.072
45.0058
54.6878
45.1903
48.3615
38.3862
50.3203
34.6743
42.0844
54.1839
45.0058
42.4911
44.372
36.5114
35.7421
48.9996
33.5656
33.3125
52.9481
49.4459
32.5263
42.8211
71.0166
43.072
36.436
42.9671
45.1903
61.2473
45.0979
50.457
47.837
44.1941
58.6512
47.3237
37.3777
53.1394
46.476
54.3174
42.0856
44.9142
56.8373
65.0527
40.6504
35.4548
45.3296
36.0341
29.9225
36.4812
67.1831
58.6512
42.8211
44.1941
45.144
45.9435
55.4092
27.7395
33.8754
43.7557
49.4459
50.1201
35.3411
52.258
40.6879
37.8915
44.1941
29.6409
44.8229
45.7528
49.9357
43.7557
58.9649
63.0082
44.732
45.5638
47.5277
34.8938
39.5213
37.6811
56.4734
37.5049
60.2537
52.8846
47.6819
32.1002
34.4576
64.8614
46.3295
35.2282
45.0058
35.7711
36.5114
62.6279
49.1018
35.4976
41.1434
43.051
38.1372
37.1886
34.0322
33.0133
27.5317
44.1057
36.3309
47.1215
30.0858
48.0455
56.6912
42.7381
54.1839
32.241
46.8711
