56.1515
46.6476
46.6476
46.6476
43.8448
38.7241
41.2069
36.3874
38.7241
28.3366
38.7241
46.6476
43.8448
43.8448
36.3874
38.7241
43.8448
46.6476
36.3874
30.1701
52.7897
43.8448
41.2069
52.7897
38.7241
59.7235
43.8448
34.1881
46.6476
56.1515
41.2069
43.8448
46.6476
41.2069
46.6476
52.7897
32.1182
43.8448
38.7241
46.6476
63.5187
36.3874
49.6256
38.7241
43.8448
43.8448
49.6256
46.6476
41.2069
56.1515
41.2069
52.7897
32.1182
28.3366
41.2069
46.6476
38.7241
46.6476
43.8448
38.7241
36.3874
49.6256
36.3874
46.6476
49.6256
43.8448
38.7241
63.5187
46.6476
52.7897
59.7235
41.2069
46.6476
49.6256
49.6256
32.1182
41.2069
43.8448
43.8448
46.6476
41.2069
41.2069
43.8448
30.1701
67.5511
36.3874
49.6256
46.6476
43.8448
43.8448
36.3874
38.7241
71.8356
41.2069
46.6476
36.3874
52.7897
41.2069
36.3874
41.2069
36.3874
38.7241
46.6476
36.3874
43.8448
32.1182
46.6476
46.6476
43.8448
43.8448
34.1881
52.7897
43.8448
56.1515
34.1881
46.6476
32.1182
43.8448
36.3874
52.7897
49.6256
46.6476
36.3874
34.1881
49.6256
36.3874
43.8448
46.6476
46.6476
41.2069
56.1515
36.3874
43.8448
52.7897
43.8448
38.7241
43.8448
49.6256
43.8448
43.8448
46.6476
46.6476
43.8448
49.6256
46.6476
43.8448
41.2069
49.6256
38.7241
49.6256
41.2069
59.7235
46.6476
49.6256
63.5187
46.6476
49.6256
49.6256
46.6476
41.2069
38.7241
49.6256
41.2069
52.7897
56.1515
41.2069
32.1182
30.1701
32.1182
46.6476
49.6256
41.2069
41.2069
38.7241
38.7241
43.8448
46.6476
49.6256
41.2069
43.8448
43.8448
49.6256
43.8448
49.6256
36.3874
41.2069
56.1515
46.6476
34.1881
49.6256
52.7897
56.1515
41.2069
41.2069
46.6476
43.8448
49.6256
32.1182
41.2069
52.7897
41.2069
49.6256
52.7897
41.2069
43.8448
41.2069
46.6476
56.1515
49.6256
43.8448
46.6476
43.8448
49.6256
46.6476
46.6476
41.2069
46.6476
46.6476
52.7897
52.7897
43.8448
46.6476
43.8448
38.7241
43.8448
36.3874
56.1515
36.3874
56.1515
43.8448
38.7241
38.7241
41.2069
34.1881
41.2069
46.6476
36.3874
49.6256
43.8448
46.6476
49.6256
49.6256
46.6476
38.7241
38.7241
52.7897
30.1701
43.8448
41.2069
49.6256
43.8448
49.6256
49.6256
43.8448
43.8448
56.1515
38.7241
38.7241
38.7241
41.2069
36.3874
46.6476
41.2069
59.7235
43.8448
46.6476
43.8448
43.8448
43.8448
49.6256
59.7235
38.7241
49.6256
43.8448
46.6476
34.1881
38.7241
46.6476
49.6256
52.7897
38.7241
36.3874
46.6476
38.7241
34.1881
32.1182
38.7241
59.7235
49.6256
49.6256
43.8448
49.6256
49.6256
30.1701
46.6476
46.6476
46.6476
49.6256
32.1182
46.6476
36.3874
32.1182
52.7897
43.8448
49.6256
32.1182
46.6476
43.8448
41.2069
46.6476
56.1515
41.2069
36.3874
38.7241
46.6476
46.6476
43.8448
41.2069
46.6476
49.6256
32.1182
52.7897
38.7241
46.6476
46.6476
46.6476
56.1515
43.8448
46.6476
56.1515
41.2069
43.8448
43.8448
41.2069
38.7241
34.1881
46.6476
43.8448
52.7897
36.3874
56.1515
43.8448
43.8448
46.6476
34.1881
46.6476
43.8448
43.8448
56.1515
28.3366
46.6476
41.2069
49.6256
41.2069
41.2069
52.7897
41.2069
43.8448
36.3874
38.7241
34.1881
43.8448
38.7241
36.3874
46.6476
56.1515
36.3874
63.5187
36.3874
38.7241
52.7897
43.8448
49.6256
49.6256
36.3874
38.7241
43.8448
52.7897
52.7897
49.6256
41.2069
38.7241
52.7897
34.1881
49.6256
34.1881
52.7897
41.2069
38.7241
59.7235
34.1881
36.3874
36.3874
38.7241
49.6256
43.8448
41.2069
46.6476
38.7241
52.7897
41.2069
49.6256
34.1881
56.1515
46.6476
38.7241
36.3874
36.3874
46.6476
36.3874
43.8448
46.6476
41.2069
43.8448
43.8448
41.2069
46.6476
46.6476
32.1182
46.6476
43.8448
43.8448
41.2069
41.2069
46.6476
41.2069
49.6256
46.6476
46.6476
49.6256
59.7235
56.1515
59.7235
49.6256
49.6256
43.8448
43.8448
41.2069
41.2069
56.1515
49.6256
46.6476
46.6476
46.6476
41.2069
43.8448
38.7241
34.1881
52.7897
46.6476
46.6476
63.5187
56.1515
46.6476
59.7235
41.2069
41.2069
46.6476
43.8448
41.2069
59.7235
46.6476
46.6476
43.8448
38.7241
49.6256
46.6476
49.6256
56.1515
43.8448
38.7241
43.8448
41.2069
52.7897
36.3874
41.2069
38.7241
49.6256
36.3874
26.6109
52.7897
46.6476
38.7241
41.2069
46.6476
38.7241
38.7241
41.2069
56.1515
49.6256
38.7241
46.6476
43.8448
38.7241
41.2069
38.7241
36.3874
36.3874
49.6256
36.3874
