33.72
35.3093
50.9598
59.2819
38.0714
49.8934
34.0963
28.1287
42.0455
60.1715
57.5417
33.1622
38.0058
49.6686
53.4615
48.7356
36.6175
38.8255
45.8957
42.5731
32.4307
45.0518
35.8001
31.4143
55.6188
33.72
59.5219
38.2862
48.1372
52.5068
37.22
38.554
52.758
52.1344
46.1357
38.7572
33.9798
39.6634
44.8685
57.6545
35.9753
51.0483
33.8169
54.4515
33.3125
27.8445
60.2126
50.349
36.6327
41.2782
54.7217
35.3411
36.6936
42.0856
50.349
42.0856
40.7631
33.6172
79.1134
35.9167
64.2706
75.6206
47.837
37.22
48.1504
51.0409
53.0117
45.0058
47.941
37.5049
58.4957
42.6451
35.327
45.6551
41.9256
44.4614
51.4053
55.6188
39.6634
55.5488
63.1887
38.0222
44.8229
45.9435
38.3695
44.8229
41.4138
46.7222
33.9798
37.1886
55.5488
39.1008
43.7557
51.004
40.5384
56.2573
43.5774
38.2075
67.1192
50.1201
45.4698
72.5423
58.8076
39.3801
39.3779
48.3615
47.941
76.3075
42.2874
36.1226
54.4515
45.0058
35.0881
52.4756
37.0325
42.0856
39.3801
55.4092
59.5219
40.2241
50.5148
31.3697
41.0668
49.9499
37.3777
40.2413
43.8972
57.5793
55.9717
34.9491
40.8386
47.1215
43.4861
42.328
40.9144
46.5128
54.9947
45.1903
47.7335
55.3744
33.2121
40.6879
48.7087
33.6172
52.758
42.988
45.7528
52.0115
46.3294
33.413
37.5049
33.2121
37.5049
50.8057
44.4376
44.4614
47.3174
40.5197
44.8229
38.9627
47.928
41.6092
42.5731
34.6743
57.392
34.7837
33.4134
42.4094
45.9435
56.0429
69.1312
56.9106
33.6172
47.889
29.8012
31.8683
56.7596
38.2199
61.6002
63.5072
74.0029
60.2537
43.7557
35.8001
34.4307
36.6327
36.3309
42.0856
32.5744
39.477
45.6581
32.2175
29.9631
32.4307
40.9524
66.7258
49.6686
36.3309
39.7707
39.9508
37.3461
58.0339
45.1903
48.0716
43.93
44.2829
43.93
37.7618
45.1903
53.2678
48.1504
43.1986
36.5114
66.4243
64.0606
29.1705
42.9044
44.1057
30.629
63.0532
32.5744
68.9152
46.1357
41.0286
45.7054
46.3235
40.464
42.2469
43.7557
32.5263
49.4459
33.8754
36.1522
45.2831
35.4548
40.5384
43.2409
70.1204
42.1661
56.5458
52.758
67.44
39.1008
38.8255
29.4824
68.0644
36.0341
49.7807
64.8614
38.8255
33.8234
67.595
64.4821
67.7507
66.3244
66.8269
36.7548
33.1311
38.4196
39.5036
44.9142
42.0856
40.5384
35.3979
55.9717
40.5384
44.4614
40.9144
68.7005
43.072
58.7293
38.6892
50.1201
45.5638
49.557
34.7837
41.8064
41.4528
38.6871
41.4528
46.2809
41.1434
44.8001
52.9481
37.126
42.4094
34.4576
43.93
37.4412
39.6634
38.9283
49.6127
40.8386
50.9893
33.6172
62.1207
37.1886
38.554
52.1344
46.648
29.8012
42.7381
43.9273
49.6686
38.2862
36.2712
31.2364
68.4872
38.1537
43.4111
33.1124
48.3086
34.5656
38.8255
54.0511
36.7548
41.375
47.021
41.0668
49.8934
43.5827
50.4642
38.0222
34.8938
40.2425
34.3503
76.0444
57.1271
51.3454
56.5458
42.0856
33.2121
51.4053
45.6581
35.4548
39.3801
38.0212
36.5114
34.6743
38.7913
35.7711
79.9017
48.1241
39.4859
67.2343
56.3292
39.3099
42.988
34.8938
59.2769
39.4506
34.4576
58.4957
39.8786
43.9957
50.349
41.6878
52.1344
45.9405
45.6581
42.6554
41.0477
41.1051
48.6818
39.345
36.0047
55.5138
64.8614
38.5035
33.3377
35.8001
50.9304
33.4134
52.8846
64.4821
76.5724
30.2094
44.4614
28.8273
41.747
37.7618
45.9435
49.0064
45.0058
43.5827
46.921
48.7558
77.3785
78.4799
56.6866
58.8076
41.1434
36.0341
46.3295
31.8223
33.0071
32.5263
29.3256
43.7557
39.8066
47.2699
44.6414
50.0633
73.5095
46.0875
36.6936
49.557
34.8662
64.6712
55.6869
55.6891
54.3844
49.1147
64.0141
62.6502
43.1563
35.0741
39.3801
33.2121
55.4092
41.443
64.8614
42.0055
52.9958
68.4872
45.3296
37.2987
56.5458
50.9304
53.5264
37.0014
40.7631
42.5731
46.2809
32.0071
33.0133
43.1986
32.4784
34.4576
40.613
48.2293
40.0961
42.0856
44.5456
43.4539
40.8386
44.9142
30.2924
34.8938
38.6892
68.0644
36.7548
58.187
47.837
38.4196
32.768
41.0668
61.046
46.525
54.3174
51.5254
39.5213
37.7618
35.5691
38.6553
53.0117
32.147
35.4548
56.6184
47.0963
51.7673
44.732
32.7194
47.1215
47.0963
46.3295
40.0961
58.0339
35.5691
49.3353
35.5691
48.0978
52.258
36.5114
34.2436
42.8523
46.2809
37.5049
44.1057
36.4209
32.927
43.4968
37.2515
49.0064
42.7381
44.3274
46.3295
49.0064
47.6047
50.1201
