54.5863
64.8137
52.258
38.7572
55.6891
38.2199
35.9753
44.5963
38.685
39.6634
66.7258
37.7537
41.4528
47.915
29.4824
47.021
44.8229
44.6414
40.6879
38.9627
34.5385
38.2862
46.921
55.6715
48.1504
38.8255
31.6397
54.7897
35.2846
53.6566
46.6727
33.566
38.2862
35.7348
66.0265
45.7528
41.7668
57.4293
36.7548
38.2862
38.6892
47.2224
34.4576
50.58
39.9508
46.525
41.375
35.5691
56.8373
36.1522
49.2251
37.7618
35.0045
46.6234
38.2862
50.0065
40.668
64.8614
42.8211
38.554
34.7016
59.2023
44.8229
47.941
40.2425
45.3763
30.4598
34.4576
30.5019
37.1886
44.9142
47.0461
31.6738
42.1863
46.1357
52.1344
26.8937
36.8777
38.253
33.9798
37.126
46.6974
40.5384
52.8529
38.7913
42.7161
50.0633
43.5397
37.0014
34.6743
47.7206
40.0961
39.9508
40.9144
40.3899
37.6319
49.6686
30.2457
42.4094
59.262
43.7557
38.9605
49.4459
45.1903
32.4307
60.2537
38.4196
41.1434
42.0856
53.7875
52.758
59.1032
51.0483
50.5727
34.0322
34.164
41.2975
43.8863
33.4008
47.5277
37.126
52.258
39.5922
39.9871
48.6281
44.8229
46.3295
37.126
44.2822
64.1072
41.7273
36.3309
45.0518
57.73
44.2829
36.7548
44.4558
43.4005
39.7887
40.7631
53.7875
47.941
45.9435
51.5103
39.3099
65.0527
55.9717
45.0058
37.9567
59.5571
52.5068
54.4347
43.8427
61.0883
45.0058
44.1057
43.7557
59.2819
36.1819
49.2251
42.9044
45.3763
38.554
45.848
39.24
57.2802
55.5488
59.2819
50.4642
40.0961
47.5277
43.2409
47.889
47.2224
52.3821
43.2833
47.5277
68.8614
42.0856
27.0256
59.0438
47.2984
42.328
47.5277
54.9947
60.3362
40.464
37.2515
54.0511
57.5417
37.7456
41.4524
51.2857
50.1201
44.9829
43.7557
44.372
49.6546
38.0222
74.2521
37.2515
61.4286
36.3909
53.0117
39.5213
47.837
48.2557
35.0602
40.9905
46.6234
68.0644
60.2537
33.9798
49.8793
34.5656
38.2696
42.1661
74.0029
41.7668
52.3821
35.3411
40.0961
41.0668
48.1487
57.73
81.3759
40.5384
28.865
50.7546
49.8934
53.1074
53.2678
52.351
79.7572
47.3237
59.5822
43.03
45.8241
43.3898
35.0045
49.1703
45.848
58.187
41.4528
84.8187
37.0636
38.5203
63.7366
63.1887
38.4175
30.5441
38.4175
70.9095
38.4196
40.3899
42.8835
29.0169
42.328
55.6891
39.24
35.8001
42.988
33.515
45.3763
52.6321
46.7222
55.029
54.018
43.9286
37.3777
41.4917
39.0316
36.7395
39.5213
48.952
39.5213
63.9213
58.6512
43.4968
49.1566
48.8969
35.7856
43.669
37.2515
55.6188
41.846
48.9248
32.4069
56.2573
38.5371
37.1886
30.6716
37.2515
41.7273
37.5049
50.901
54.3174
64.8614
32.0536
46.1357
42.7174
41.1386
47.5277
40.8009
37.0014
35.2282
35.116
45.1368
50.1201
39.5922
45.6581
51.5254
45.9435
48.5746
70.6257
39.9418
47.1215
30.4492
50.349
35.8583
36.3871
46.7222
53.2678
41.0572
43.2409
46.1357
33.1622
80.4482
40.5384
45.848
43.93
33.4134
42.5731
52.5068
38.9627
32.5985
38.8255
46.8587
72.0682
67.2087
40.8268
28.9408
34.8938
56.6912
44.4446
31.0932
30.2094
33.6172
41.2975
39.9124
40.316
47.021
60.3775
40.2058
46.971
50.8057
49.1703
49.2251
35.6842
34.6743
43.7557
73.9254
39.1008
47.3237
50.58
28.9408
44.4614
39.8786
38.1537
49.4459
42.988
53.2678
54.8579
65.9278
39.3801
42.1661
46.3295
45.0058
56.2573
58.0243
49.7807
30.2924
46.3235
59.123
36.5114
39.9508
39.5922
33.5916
34.7563
39.3801
43.7557
44.9142
41.7273
39.5917
45.0058
59.4417
38.2862
46.921
40.536
45.1903
33.7071
39.5213
53.5223
42.1661
36.0341
37.0014
51.7521
60.9195
42.0856
49.1018
30.5019
54.3174
34.6199
58.7293
40.5384
35.9149
38.253
63.3703
38.8255
63.8982
42.3788
57.73
43.4111
36.6936
49.3353
60.9195
34.6437
46.5742
43.0707
53.722
46.896
49.2251
41.4503
53.0117
37.6329
60.3671
42.4094
40.8386
44.1278
51.1667
48.5212
50.58
67.2343
41.846
54.2506
46.921
48.6785
38.7913
36.7548
34.4038
44.1057
46.6234
38.4867
40.3899
47.2224
44.4166
41.1434
55.2703
42.4094
35.3979
39.4506
32.8107
62.6502
42.5731
54.0511
51.4653
44.1057
43.072
33.9275
30.2924
69.7875
58.1103
37.6329
44.4614
55.0462
59.4317
40.5943
38.7232
36.2414
40.8197
49.8934
42.4911
55.0633
38.1537
38.6553
69.5674
49.6686
71.5421
44.96
50.7984
59.8449
48.6818
49.5292
68.4872
66.0265
38.9627
30.9731
37.2515
45.3763
41.0668
