51.9502
41.2975
44.4614
54.0511
43.4111
56.2394
34.1905
37.5049
48.5078
32.5744
37.9567
34.3904
58.3216
52.227
42.0655
34.6743
42.0856
39.8966
35.8001
61.5143
53.2356
44.4614
46.0154
57.6923
34.4576
46.896
58.2638
48.8977
40.6879
32.4307
37.6972
69.5674
31.1481
42.4094
41.4528
39.6634
39.9508
61.0883
49.6686
35.7421
35.0045
36.7395
50.8131
41.5308
32.147
46.2809
49.7807
33.1124
42.8627
38.2199
53.0117
49.557
51.4053
38.8939
42.7381
39.7707
42.9776
32.5504
32.8168
40.3899
55.6891
30.2921
41.7223
31.392
50.1201
45.9435
38.8255
47.273
43.072
53.7875
41.2203
37.22
39.3099
75.5235
49.0064
63.7827
43.3678
48.7895
39.7304
34.6199
35.3411
43.2409
34.0322
54.0511
52.0115
54.3174
31.1042
35.9167
27.9859
41.375
34.1376
32.5263
38.4196
53.7875
43.93
50.349
57.73
48.6818
50.1201
51.0409
44.2829
57.392
43.93
42.988
44.4614
43.734
31.6851
43.4111
42.2469
39.1008
29.9225
47.5277
40.9905
46.2324
49.6686
30.3654
38.6215
63.3703
53.722
84.0109
48.3615
45.0979
55.6539
34.1376
38.9283
48.7895
47.2224
42.5731
40.5384
45.5638
55.13
42.6967
46.1357
34.3503
95.4669
43.4111
43.5827
53.3968
34.4576
35.116
50.4642
46.4271
37.8752
54.0429
46.7222
37.8915
48.6818
36.0341
42.0856
47.0963
70.7957
48.952
61.6002
30.8001
29.1512
41.0668
37.3777
36.2079
34.8386
44.8229
42.7381
61.6002
46.0394
49.6127
50.8131
50.9299
59.123
35.1931
45.5638
48.0455
35.0602
37.3145
57.8815
48.7895
48.9792
62.9632
39.3801
51.1667
38.8939
51.5103
31.5041
47.941
65.0527
41.9256
31.5041
34.6709
39.8066
45.4113
31.8683
55.6188
39.0662
37.4412
38.6892
32.5263
42.4094
52.5068
44.1057
61.6002
46.1116
99.4492
54.5188
44.4502
33.9014
39.023
34.3235
45.5402
42.328
106.536
29.7208
47.0712
66.7005
61.173
43.4111
43.4968
38.8255
39.717
54.5188
58.3409
44.4614
42.8992
33.4134
57.9576
43.4005
44.6414
56.2215
67.03
39.3099
83.5336
33.3125
31.4143
40.6879
43.93
45.9435
57.2059
49.0064
39.1703
47.1215
39.9508
41.7668
34.8938
37.4412
32.6226
54.9604
39.9147
56.819
60.5017
47.3237
41.7668
39.9508
33.515
46.7965
33.3629
45.0864
68.5937
60.5848
43.93
42.4094
51.5179
43.072
50.349
40.316
30.4387
48.3615
41.443
53.5243
40.8386
56.6184
51.2857
37.3145
32.191
60.8775
29.2454
53.3968
48.3615
40.2425
41.8659
39.6634
50.6944
57.1318
63.7251
39.3801
39.5567
58.9649
47.021
40.0233
34.2403
40.9905
37.2515
58.6512
59.2819
44.96
36.451
48.4678
58.2638
41.7273
34.5656
41.6878
38.4867
54.0511
39.3801
48.7289
38.8939
61.9462
40.5384
60.4913
45.1787
55.5488
46.525
58.6123
40.3529
40.464
40.5197
44.7093
50.8057
40.9144
38.0222
50.58
53.985
53.5264
46.7222
35.7928
42.5731
41.7273
56.2573
45.9435
59.8856
37.5049
46.896
33.3629
39.3274
32.4307
29.1512
57.4106
58.4957
40.9714
64.8614
49.0064
64.2941
33.566
82.2868
38.2199
34.525
45.7528
51.8891
57.1318
61.6002
41.7273
51.9808
49.5849
49.0064
34.0322
46.3295
39.5213
34.8386
38.2188
47.837
46.921
45.0979
53.0117
48.7895
44.4614
34.8662
46.1357
62.2962
64.7661
42.6554
36.0341
44.9485
58.0339
49.0064
35.6842
63.7366
36.6327
52.9799
51.6461
40.9905
46.971
40.2058
48.7895
60.9195
39.5213
50.58
42.0255
54.5863
33.1093
59.2421
58.2638
35.7421
49.7807
42.5731
40.8386
39.5922
49.4459
35.0045
52.8846
31.8683
51.8891
37.4412
59.9059
36.7548
38.0222
25.9369
39.8786
43.7557
48.8977
60.2537
56.2573
60.5017
39.24
67.2343
41.6485
36.6327
37.7618
38.8249
55.1322
44.6414
69.1312
49.1155
55.6539
34.8938
45.0058
39.4859
45.1903
58.9649
58.0339
62.6502
49.0064
59.6023
55.4092
58.9649
53.8531
47.2984
48.8977
65.6335
42.2469
36.1522
52.5068
39.0662
47.941
39.345
52.5068
54.9947
36.8777
31.8683
33.72
52.1344
50.2916
50.4642
44.0837
43.072
38.8255
31.3029
38.7572
61.6002
45.0979
41.1242
52.5068
53.7875
34.7837
47.7077
47.3111
44.372
35.2846
37.0014
40.8386
48.7895
36.2712
38.0222
44.4614
39.5213
45.0058
30.5441
41.6092
50.8131
47.837
39.3428
46.1357
53.919
31.4591
54.5188
52.7422
57.2802
43.4111
32.9639
39.1008
57.1318
60.5017
61.9462
46.525
39.345
45.1903
33.8234
56.5458
59.9263
34.0322
33.614
65.2452
34.0322
36.1522
52.758
