46.6234
39.4506
43.2409
40.2425
50.8131
49.6686
31.8683
44.2829
34.8938
37.8752
42.4911
74.7555
44.8685
50.0633
32.9147
46.525
66.3244
37.5049
45.7528
64.0606
38.554
53.7875
37.665
43.072
38.2862
42.1661
42.0455
63.5529
43.4968
78.7602
50.4642
67.2343
37.0636
69.7875
35.2846
43.5827
62.6502
45.6581
43.5827
57.1318
56.0429
53.6566
39.4859
44.1057
60.9195
43.7557
52.6321
47.941
38.0878
41.6878
39.7707
37.126
64.4821
46.7222
35.5691
54.5188
77.3785
63.2737
42.0055
47.7852
41.8858
43.93
35.3128
61.9245
45.5623
46.3295
58.0339
42.0856
39.0965
49.2251
54.1839
43.93
45.1903
39.8066
33.0133
69.3486
71.3685
50.1201
58.3024
58.2446
54.3174
45.3763
40.3899
35.7711
47.4766
31.8223
39.8066
30.9731
58.3409
38.6723
63.1435
51.3454
44.96
31.7765
69.1312
33.9275
68.434
45.0058
57.9552
48.1504
61.6002
46.921
31.3251
41.6092
62.2523
69.2398
59.2819
38.2447
40.8386
48.3615
46.6234
35.7131
40.9714
44.372
50.9304
29.1705
42.7381
38.0222
60.2537
49.6686
37.9567
33.72
47.5277
55.2012
40.8009
41.9256
44.1043
30.629
52.6321
43.03
49.8934
39.1008
38.1868
51.2262
38.2199
43.1563
35.0323
43.4111
53.9169
49.2251
30.9731
32.0274
36.0341
46.2809
50.1201
51.4653
53.0117
50.7838
43.072
62.6502
28.9408
32.241
31.8683
43.7557
44.1057
36.7548
30.5441
50.349
43.93
54.5863
40.464
51.0483
63.1887
74.8824
51.0483
44.2829
32.3831
40.9905
59.2421
56.4012
39.9508
51.5856
41.4333
51.5856
49.8934
50.349
50.349
57.021
54.5863
35.3979
45.0979
38.1537
53.2678
36.7548
47.7335
55.9008
46.7222
39.3099
37.2515
39.9508
50.8717
46.3295
43.7503
34.4576
39.9508
40.5384
42.3178
50.1201
34.0322
33.4134
36.8008
59.7639
42.9044
48.7895
46.3295
46.3052
49.0064
40.9524
42.5731
81.5828
29.5615
54.8579
45.6109
55.1322
35.2282
39.2051
45.0518
61.4286
41.6092
56.8281
39.9147
37.22
70.6823
34.7426
39.5922
51.9349
47.2224
32.0536
46.499
45.5344
41.2203
36.2116
50.1201
43.3259
40.2425
59.4417
43.2409
30.4598
27.8094
49.5292
30.7571
39.3801
52.8212
42.6967
46.1357
68.7005
44.6414
51.5254
59.2819
34.8386
42.4094
46.6727
37.0014
46.1357
39.1008
42.5731
44.2829
53.2678
43.4968
38.6892
47.6304
50.638
45.3529
50.1201
39.5213
42.0856
47.5149
44.6414
43.572
45.1903
39.717
39.0662
47.5277
41.9256
38.6892
47.3237
49.4459
43.03
63.7366
34.8938
33.1872
55.2357
40.9905
42.7174
66.4243
44.0177
42.6967
39.9328
41.6485
50.58
40.0597
35.116
73.0227
61.4286
55.4092
60.0895
59.2023
41.1434
36.0341
49.3905
31.2364
36.8161
66.0265
66.7763
33.2622
77.7879
31.2585
35.9021
44.4614
49.3353
34.0322
36.8777
32.241
54.3174
34.8938
59.683
31.8223
58.0339
46.7222
37.5049
54.309
43.5343
35.4548
30.1269
51.6461
31.5041
35.9021
39.9508
42.2469
47.889
51.6461
60.4188
40.8009
43.7557
49.7807
39.1008
59.9263
33.3629
50.551
48.3615
45.0058
43.2409
37.2515
50.0633
61.1518
48.4678
46.921
36.2674
39.5213
79.6492
50.349
42.4094
50.58
47.1719
41.6092
44.4166
39.1008
31.8223
48.6818
42.2266
42.0856
31.8683
49.2251
44.1057
56.2573
38.2199
37.3777
40.316
62.3843
31.8223
48.5729
49.6686
41.4041
41.375
37.6972
36.8758
45.848
38.6723
67.2343
39.8066
37.0636
42.2469
41.4528
42.4911
38.0222
34.9907
35.4548
47.5021
54.0511
45.0058
34.5115
42.328
40.0779
72.0682
32.4307
44.0177
47.5277
47.915
47.021
42.0856
33.2121
59.2819
51.2857
31.6397
36.3909
50.1201
43.0694
35.2282
49.4459
44.1941
53.7875
36.7548
43.2409
45.1903
32.5263
45.5638
56.1856
44.732
40.464
41.1434
52.9322
33.3881
38.0222
49.8071
44.4166
59.4417
49.1703
41.4528
39.2051
44.9028
30.0448
49.2251
44.8229
34.2436
57.1318
34.8938
45.0979
31.8683
30.2924
44.1057
47.5277
43.4968
38.8169
34.8938
30.0858
38.554
40.6504
40.9905
62.9183
53.5264
69.7875
60.5848
50.7546
37.7618
61.4179
52.0115
38.6204
57.4293
39.9508
61.8594
42.4094
41.0668
30.1681
41.6092
35.9753
49.1087
61.0883
51.5254
56.7459
36.6327
43.072
57.1318
44.372
73.5095
29.4038
45.3296
32.0303
52.258
40.0961
45.0058
28.3092
62.2962
48.3483
29.8012
63.5529
38.4867
36.2712
54.5186
44.2829
32.7437
37.0014
34.7563
48.6818
37.3698
39.8786
64.3879
43.734
45.7528
46.7222
58.6512
