43.072
33.515
41.4333
56.8373
52.4444
49.6686
58.3216
38.2199
51.1667
41.2975
30.1269
61.258
40.464
50.5763
35.8875
38.253
40.0233
38.554
61.6002
54.3174
51.4953
33.8234
44.0177
36.8161
42.2469
38.7572
32.4009
34.3503
41.57
40.2241
41.7668
42.5731
43.5827
65.2452
29.1608
44.1941
42.1661
33.8234
62.9857
48.2557
59.7639
41.1434
54.5863
49.2251
40.9905
33.515
44.2829
41.2975
42.9462
57.4293
38.2862
58.2638
47.7335
53.2678
40.6786
45.1903
38.4196
53.2356
36.4209
48.7222
64.3879
34.1376
43.03
34.2104
49.557
87.5114
40.8386
50.8131
40.8386
44.8229
37.6329
43.4968
52.8212
40.9905
65.0527
42.0856
33.9275
48.0913
44.2829
52.5068
37.0014
44.2829
62.2962
30.629
37.126
46.3295
45.3763
44.9142
38.6553
42.0055
56.5458
52.9481
35.0602
51.0409
48.8977
51.7218
38.6871
47.837
40.9905
38.2447
50.349
54.3174
31.8568
50.349
33.6172
35.2001
49.5014
40.1692
33.4134
50.4642
43.03
38.0201
48.3615
43.03
40.5011
34.0322
49.557
49.2183
39.5213
49.6686
35.3341
52.1344
65.0287
34.4576
57.3547
48.1504
45.6581
35.6842
36.451
53.7875
34.0191
30.3758
32.4307
47.837
34.4038
30.2094
53.2678
46.2809
62.2084
47.5277
47.915
84.9821
36.0341
30.8001
38.5203
32.241
38.5455
44.4614
48.9928
43.4111
57.73
39.3099
75.2657
61.258
37.2515
44.1057
55.2703
39.8066
54.3174
49.6686
42.8835
41.1434
39.4506
52.0115
39.9147
69.8981
50.1201
47.5277
31.8683
42.0856
32.4784
63.3703
55.5488
38.1537
41.9655
37.6972
38.0222
36.1522
46.7222
45.7528
42.2469
45.5167
32.9639
37.7941
42.9044
56.2573
42.4094
35.8583
46.8711
46.7222
46.6666
39.6634
55.6891
44.6414
58.6512
39.9508
57.9576
58.0339
38.2033
80.7797
54.9947
52.8846
48.3615
30.2716
40.8386
31.8683
53.8511
38.0222
33.7975
30.2924
40.8386
72.4232
33.72
38.3528
50.58
36.5719
33.2121
32.768
54.1839
63.3703
38.8939
39.6634
36.8777
27.2931
41.7668
40.1692
35.7276
52.758
61.7727
39.0922
41.2975
49.8652
37.1886
32.3356
39.5213
37.3777
38.0878
61.5143
39.3801
54.9947
60.9195
54.3174
43.669
45.8897
41.4528
39.9508
40.6879
50.9304
39.9508
48.7356
53.7875
60.2537
42.4911
42.0055
47.6304
41.2975
40.5384
39.3801
38.3862
34.4509
39.24
81.8288
36.6023
39.1008
49.0064
50.8131
40.9905
41.1434
33.1622
44.2829
34.0322
37.2515
42.0856
75.3944
47.3237
46.3783
57.8815
37.0014
54.4515
42.0655
45.1903
39.9508
46.2324
43.5827
39.3801
36.0047
56.5458
49.0064
38.554
73.2653
37.3777
43.1563
38.6892
43.4111
37.6329
40.3714
55.6891
38.6892
35.7928
49.2251
41.2963
34.8938
42.8211
40.3714
38.2841
42.988
51.7673
37.7618
44.372
44.7774
73.6938
36.5114
43.3685
37.5049
46.7222
38.554
43.009
65.6335
40.613
36.2116
30.629
42.4094
67.8028
39.4506
43.2409
39.3801
39.2225
44.372
38.1208
42.0856
56.2215
40.2379
45.848
38.4867
51.2857
31.9607
53.2678
54.1673
38.8255
38.8084
46.3295
38.8169
40.1966
42.389
48.1504
44.2829
33.5916
67.03
44.0617
54.0511
35.3411
42.0856
38.2862
39.0316
34.2303
46.525
58.3409
53.5101
43.669
48.7895
63.9213
59.7639
44.0177
34.4576
43.6907
39.24
44.0177
49.837
44.1057
41.1434
40.1692
48.3615
76.5724
42.988
42.988
72.5423
33.3629
43.7557
49.1977
43.4111
60.4188
53.0117
29.3256
53.7875
45.0058
35.2705
47.5277
50.9893
43.072
47.4255
50.5727
49.8934
52.32
49.8652
40.1692
35.3411
29.3159
29.3256
45.0058
29.4431
93.2961
33.0628
35.3411
47.837
36.1226
34.0322
47.5277
51.5254
31.2364
48.3615
45.1903
37.859
49.557
42.2443
57.2802
37.7618
37.6329
63.9213
37.8265
46.6234
58.4957
44.4614
48.7895
45.7528
51.0483
39.1703
46.525
39.9508
75.0097
29.3256
37.6329
49.0882
50.58
33.8234
37.6329
47.5277
43.7557
85.4762
36.8161
45.0058
64.2941
53.8203
40.7631
55.4092
41.4528
48.6281
54.8579
32.2292
46.7222
62.2962
40.8386
36.0341
40.0233
41.1434
41.5308
69.023
63.7366
50.9304
41.1434
42.988
40.0961
41.4333
64.6712
37.8915
38.5203
68.0644
66.3993
51.0483
51.8891
45.3763
32.241
51.0483
38.7572
45.3296
69.3486
65.4266
35.3411
45.3763
23.1526
36.7548
41.2589
54.3174
43.5827
42.0405
39.3713
42.8627
42.8211
35.6842
43.669
58.0339
50.4642
47.4766
50.8131
57.1318
47.1215
49.2251
34.8938
57.5042
42.2469
29.781
