59.6023
45.9435
34.8938
40.2058
58.3409
29.7108
37.0636
36.7548
37.6008
44.8001
59.2819
37.6008
44.5963
28.1287
45.1672
48.3086
31.8683
45.3529
42.8159
56.8373
51.0335
35.3411
35.0602
49.0064
55.1322
50.9893
49.4459
88.0354
53.0117
41.4528
41.9256
47.4766
33.6172
33.3881
54.7217
37.3777
39.7349
50.7546
35.6842
35.3411
48.3615
40.464
45.3763
57.1318
59.2819
48.2557
47.1215
39.3099
46.424
48.7895
40.0961
37.5049
33.2121
51.4634
44.1057
47.1215
39.1703
45.7528
49.3077
39.6634
53.985
40.3899
40.6879
48.5746
44.439
41.7273
38.6553
42.2469
45.2366
47.7335
60.7517
60.5432
43.5612
28.2006
48.2557
36.2414
55.5488
39.5213
31.9607
40.2241
47.1184
43.072
34.2436
33.8234
56.2573
28.9788
55.1322
31.9086
39.9147
48.5746
42.328
48.0455
41.846
37.7618
35.3979
33.2121
53.919
38.5203
30.2924
42.389
48.7895
40.9144
45.0979
49.8934
33.515
37.8915
43.7557
42.5731
53.4615
40.1326
44.0177
60.0078
35.5691
48.9928
45.6581
35.2282
47.2224
37.9894
35.7421
48.1504
48.1504
36.2116
34.6743
43.5397
37.5688
51.9196
41.7668
34.3503
31.0604
41.5896
54.5525
51.0483
41.7668
50.8131
35.2282
42.7381
67.6468
55.9717
36.7548
39.9508
47.8354
40.3899
34.9976
46.3295
57.2059
46.6974
46.2809
37.3461
42.9044
45.2831
27.5661
31.583
45.5638
47.3229
54.3174
29.4431
40.8386
39.3801
28.3274
73.0227
39.0835
46.7222
34.0322
42.7174
56.8373
31.3251
32.147
44.2829
82.9055
91.6899
42.3686
45.9435
56.8373
39.24
63.9213
39.3757
41.1051
43.6474
43.8263
40.2425
54.0511
34.8386
47.837
35.144
31.1481
45.1903
30.2094
52.5068
32.8168
53.4453
48.7895
52.9481
44.8115
50.8131
48.952
45.848
41.2203
73.4483
41.4528
51.1667
50.0056
48.1499
53.0117
37.4333
64.435
39.3801
49.8934
33.6685
44.1057
51.0483
55.1322
37.665
37.6972
60.4188
26.861
39.6634
52.4424
36.8777
37.5049
48.3615
46.7222
54.0511
43.5814
54.5863
41.846
39.24
36.5114
41.846
44.0837
39.6634
35.3411
51.9961
40.8386
33.0133
52.6321
48.6818
54.7897
42.9044
49.6686
44.732
33.9798
38.0878
45.0979
46.525
51.2262
37.2515
52.9799
42.7381
33.9794
45.0979
34.7837
37.3767
45.5167
44.4614
65.0048
64.6712
33.4134
28.8273
48.8977
37.6329
31.3251
36.1522
45.5638
41.4528
41.6092
44.732
47.7335
36.1226
45.3763
39.6634
41.0477
39.9508
43.072
40.8386
50.349
39.3099
55.4092
46.2203
41.7668
39.0316
66.4243
72.0682
42.328
38.4196
43.734
61.6002
40.464
36.6327
39.0144
56.1142
32.4307
46.3295
40.1692
43.4111
39.8066
51.4803
65.2935
51.1667
49.8934
44.6414
62.2523
63.0983
52.3821
47.3237
48.1504
55.4005
31.5041
52.9481
39.2051
41.9655
42.7381
40.8009
62.4727
59.2023
58.9649
62.4727
52.5068
41.375
43.572
45.9435
35.1021
44.2829
52.227
44.1057
48.5212
32.4307
41.9256
66.4243
40.6879
55.2357
60.0895
45.9435
44.4558
41.9256
32.8168
48.7895
53.2678
38.3528
43.5827
33.6172
42.5731
33.8754
42.1863
43.072
55.6891
36.2712
29.4431
46.8214
36.5114
32.0536
39.24
44.4614
63.6676
27.2931
46.896
45.6109
62.8287
47.021
56.9749
49.557
43.734
45.8957
45.1903
35.8583
38.9627
44.5512
36.5114
49.1703
24.9467
43.3259
63.7366
34.6743
39.8786
38.253
39.8066
42.9044
52.5068
33.515
38.1537
41.6878
45.5638
49.0064
53.2678
38.8255
47.1215
45.5638
36.1522
33.4641
34.1905
50.58
58.187
46.9085
39.6634
36.8777
46.3295
61.7295
55.9717
40.8386
72.5423
44.4614
47.4255
42.2469
37.126
34.3503
61.046
40.7631
34.1112
40.8386
37.9894
41.6092
41.4528
44.0177
44.6414
43.4111
47.7335
45.7528
44.1057
36.8777
72.5423
55.6891
37.126
46.921
36.3909
41.9256
50.522
40.0961
38.0222
38.8255
34.8938
40.0961
35.8583
38.2199
36.6936
70.6823
42.328
45.0058
41.0668
48.3086
48.2557
45.4698
37.5049
44.1499
52.9799
38.1537
43.4968
53.5264
41.9256
50.1201
41.2975
53.5264
33.7975
40.8386
57.4247
51.4053
56.8373
30.7143
38.8255
39.8066
50.349
42.0055
64.3879
40.4269
35.5691
50.58
59.123
44.8229
43.734
56.5458
38.253
53.886
48.203
41.6092
42.0856
35.4548
64.4821
43.4111
38.6215
33.0133
48.0978
32.7437
49.0064
56.5458
45.5638
40.9905
41.4138
39.3625
41.2975
48.0455
54.3153
33.4008
49.8652
38.6892
53.3968
42.9044
41.1434
37.9894
48.3218
56.8373
30.4598
63.3675
