43.734
33.6172
47.021
34.5115
33.2121
48.6818
33.6172
50.1201
62.1207
45.5638
36.8777
41.7668
39.9328
55.6891
32.0536
35.5691
42.0455
65.6335
52.227
33.0133
35.0532
31.5041
38.1208
43.2409
45.9435
53.2678
59.8449
43.4111
54.5863
43.2409
58.0339
74.2521
30.3758
44.4614
35.9167
48.1438
46.525
44.9028
45.4698
44.5512
46.4271
36.0341
40.1692
51.2839
40.2425
49.2251
39.6634
33.5916
47.4255
55.3397
37.7618
71.0237
42.4094
36.4812
31.1481
47.928
51.2857
41.1434
41.375
46.7222
34.6743
43.8836
50.58
44.5063
37.9894
53.5264
50.1201
38.6215
35.5691
45.3763
40.3899
49.0064
36.0341
50.9304
55.1322
39.9508
52.1344
46.6974
82.9055
69.5674
30.1681
38.2862
46.1357
58.187
44.372
37.473
44.1057
37.7618
48.8977
35.7856
33.8624
43.2727
46.716
69.6773
30.7571
41.2975
60.9195
41.2011
41.6878
39.9508
37.126
51.4053
45.3763
34.6743
73.6938
39.2051
58.0291
40.0961
49.7807
54.3174
51.0483
39.9508
34.2303
33.1622
38.6892
46.0394
36.7548
37.6329
61.6002
25.7627
33.9275
44.372
42.988
40.6879
55.6891
36.4812
52.0115
70.9077
44.1057
59.7639
40.3899
37.5049
54.7217
47.0963
51.2857
40.7161
42.5731
55.2703
45.6817
41.2975
46.6234
34.7563
64.1072
34.6743
74.3773
41.2589
44.372
46.3295
54.0511
49.0609
42.6142
60.0895
45.0058
38.0058
45.0518
30.7143
39.5922
53.2638
47.273
45.5638
33.4641
56.8373
75.5235
34.6743
33.2121
49.1155
41.1434
55.0977
32.5263
52.4444
32.194
55.9008
80.4849
37.7618
55.9717
52.0115
65.2452
42.8211
58.4957
37.6972
35.8001
49.8934
52.0115
38.4196
39.5213
39.24
46.1357
40.9905
69.7875
46.4271
49.0064
45.7528
42.0856
36.0341
41.2975
33.1622
38.253
35.5119
35.8001
50.4642
50.9304
43.7557
45.3646
40.8765
37.7618
31.3251
73.3872
33.5023
45.836
55.6891
33.0133
46.3052
32.6226
43.5827
35.2846
42.0455
50.2343
46.6234
35.3411
38.4867
40.8009
37.5049
49.2251
42.2469
37.126
48.7895
36.3909
37.5049
39.24
60.9195
47.1215
32.0478
40.5186
39.1008
47.7335
46.0394
38.2199
61.0883
51.3903
40.1326
46.7222
49.0064
37.6329
51.4953
39.9508
28.4553
66.625
42.2469
49.4459
44.6414
39.659
61.6002
37.6329
34.4576
63.7366
47.6819
37.9567
37.5688
49.4459
39.8786
45.5638
36.6631
56.9657
41.7668
54.5863
46.8214
68.0611
55.5313
43.5827
45.5638
35.3411
46.3295
38.554
34.6199
59.2819
58.6512
45.4698
45.7528
57.4106
43.4968
57.4293
82.4406
48.3615
47.837
53.6403
38.1537
58.3409
34.5115
35.3411
52.6636
32.0536
64.2472
42.0856
41.7668
49.4182
32.9639
39.3801
43.734
43.7123
45.6581
39.8066
46.7222
41.7668
37.0014
33.1996
47.7335
39.5922
50.349
49.1703
32.4307
50.9304
34.3235
47.5277
36.1522
35.2282
33.1606
52.0729
53.3322
53.1394
34.0191
37.7618
40.0961
60.2126
58.8076
46.921
49.6686
54.7897
40.2058
36.8777
29.9631
47.021
46.7222
33.2622
54.5863
30.4598
34.4576
58.6512
36.8777
36.9937
44.6414
42.0856
61.4286
35.2212
48.3615
31.2807
47.889
49.7807
40.9905
36.8777
37.1886
45.7054
57.1688
48.3086
46.2324
50.349
41.7668
45.0058
34.3503
55.4092
63.3475
39.3801
38.4867
62.4672
53.9149
46.4271
79.1844
51.4053
40.0233
60.4188
33.0133
46.525
49.557
31.6851
43.3205
47.837
40.2058
33.3881
48.0978
49.2251
35.8583
50.6962
50.58
52.758
34.3971
35.7421
44.1057
39.4506
51.0926
28.5289
32.0536
39.24
35.5119
46.7222
57.73
53.3322
45.7054
35.0045
47.7335
51.7673
34.3503
39.5922
33.3629
45.0058
62.1098
38.6892
45.9435
51.7369
67.3627
40.6879
46.3295
33.4641
32.241
40.2425
57.2059
51.2857
34.6199
40.5384
46.7222
37.5049
43.4111
35.5691
81.3009
51.0483
44.7547
39.8786
32.2292
56.8373
44.1057
46.7222
32.8168
32.8168
47.4255
46.3295
57.3547
43.2409
48.3615
53.4777
53.7875
57.9957
40.2425
35.4405
31.8683
62.1207
46.3661
41.4333
47.5277
41.2203
43.7557
55.1322
40.8386
46.3295
39.9508
36.8777
61.7727
60.4188
27.2931
50.58
49.1155
45.5638
29.621
33.1124
36.7548
64.4821
44.6358
36.451
42.0856
42.0856
35.4548
51.5254
25.5834
48.9792
66.2
47.3237
27.5661
30.1269
37.9731
59.4417
40.2425
42.0856
55.6188
37.2515
44.8229
34.8386
40.9524
31.8683
38.554
45.7528
56.8373
44.8229
40.2425
43.7123
57.0948
45.144
30.8001
42.9044
52.0115
54.5863
44.4614
50.349
51.7369
