30.8001
48.5746
38.9627
43.2409
33.9798
35.3411
45.552
44.4166
50.3203
29.6409
42.8211
46.7222
31.2807
41.2975
47.273
38.4867
46.5742
37.9557
48.4678
40.5011
47.2129
51.0483
39.0316
32.3326
57.73
43.669
36.9395
58.6512
40.9905
50.4642
38.1537
44.5063
49.7807
65.6335
40.9524
39.5745
56.2573
27.8445
49.0865
40.9905
38.4196
43.669
28.6308
52.6321
46.525
37.7496
86.8223
41.9057
33.4134
51.7673
45.7528
32.2396
47.3237
30.2924
34.6743
46.9194
31.2142
45.1787
56.8373
38.4196
66.3244
51.0483
31.5041
50.9304
46.921
44.372
46.0875
43.2409
44.4614
79.3268
50.0633
73.5095
38.8255
40.8386
61.9462
37.7456
50.9304
41.9955
59.123
68.0644
42.328
37.2515
51.7673
50.9304
45.1672
39.6456
31.1481
54.7217
42.988
40.0961
41.1434
46.921
47.273
37.8387
37.4412
35.5691
39.8066
45.9435
35.9167
68.2487
45.1903
51.9502
43.072
31.5717
46.7222
44.8913
36.2116
71.5421
48.1504
52.258
47.2984
42.7381
40.8386
45.9435
44.2384
47.1215
46.1357
42.7381
47.579
37.3145
64.2941
45.4698
45.7528
55.1322
52.258
35.5691
46.525
32.4307
38.8939
44.732
38.5203
63.1887
34.5656
53.2678
44.7774
42.2469
46.0875
39.7707
47.2984
47.915
37.8915
51.2857
50.0633
34.7837
43.4968
42.7381
34.006
47.7302
41.1434
59.2819
33.566
70.1204
48.6684
46.525
42.9044
44.1057
33.72
54.5863
50.8131
42.0756
35.116
45.9315
33.1124
31.4143
52.3821
40.8386
59.8856
34.8938
39.1008
36.9627
45.7528
57.1318
43.8413
45.7499
33.7716
50.4642
43.4111
35.5691
58.8076
85.1462
37.5049
40.8197
47.7335
37.8915
39.3801
51.0188
48.3615
45.1903
29.7008
54.018
46.896
56.9106
43.4111
43.4111
39.345
53.5264
41.2203
53.0117
50.58
36.9937
30.5441
58.0339
32.147
46.1357
37.9567
48.3615
48.8977
39.5213
46.921
49.2251
43.4539
71.3685
39.1008
43.669
46.1357
73.7554
61.6002
34.217
44.4614
43.4111
79.1844
42.0455
40.6879
40.2425
37.6329
51.1371
38.6215
53.0117
37.5049
45.5638
41.4528
28.9788
57.2802
43.1986
38.4196
47.889
44.6188
47.3237
35.4405
55.3397
32.0521
64.3879
53.3968
36.9704
47.2224
39.3625
58.8076
33.9275
48.7356
38.9627
32.5263
65.1488
35.7711
38.1208
50.58
41.1051
34.5648
44.4614
48.5746
66.3244
37.2515
65.0527
41.5308
32.3356
41.5896
42.988
46.1236
37.7537
50.1201
35.6266
39.3801
44.2717
80.7797
39.5213
50.349
40.9524
40.8386
51.7673
38.2199
44.1057
44.4614
44.0947
45.9435
36.2712
39.5213
44.8229
47.4766
43.2409
40.0779
55.4092
35.2846
43.5827
45.9435
32.2175
40.0961
36.8777
43.5827
55.6715
42.389
41.4138
54.5863
55.6539
35.2282
47.7335
34.3503
52.258
66.0265
31.1481
32.8595
48.8909
41.6092
30.629
33.6044
35.0045
42.4094
50.5582
58.9649
49.1703
64.3879
43.5827
47.3237
36.2562
38.0181
33.6172
36.6936
50.1201
44.0177
62.6502
64.7899
41.57
61.0883
40.2425
31.8683
37.8265
36.4963
55.253
41.57
33.72
49.4459
37.6329
37.0948
39.1877
46.8214
47.5277
39.6634
40.3529
47.0963
53.3968
36.6023
46.2567
56.5458
41.4528
36.0341
45.6581
34.006
62.7393
42.0856
55.1322
41.4528
41.1242
31.2807
56.5458
53.1394
79.3268
48.952
50.9856
55.4092
51.3753
43.2409
39.345
41.5308
52.8054
36.843
37.6972
56.2215
31.6851
34.7563
36.3759
44.7774
40.9905
47.5277
60.0895
55.6364
37.2515
45.1845
56.5458
43.3685
46.6234
39.8066
39.7349
50.9598
38.7572
81.0767
70.4564
49.8934
52.6321
40.6879
34.2436
41.1003
45.3763
34.1376
54.0429
49.2251
40.1692
50.1772
52.758
59.123
44.0617
25.6429
48.7895
41.4528
54.5188
45.5402
48.2557
49.4459
42.2874
41.6092
61.4286
39.3274
61.173
48.5212
32.768
47.5277
48.7895
44.4614
57.5793
47.4255
36.2116
51.7673
35.6842
48.7895
57.2802
40.464
45.5167
36.2712
39.3582
40.3529
47.837
44.4614
39.1008
62.0279
33.4134
32.9147
59.7639
49.557
58.0339
51.4803
44.1941
46.8214
32.9147
46.476
36.3571
53.2678
38.8255
51.5235
42.9671
33.0009
45.5638
45.5167
49.8934
32.8168
33.0133
55.1322
43.2409
49.7807
37.7618
47.5149
40.0233
57.5042
41.7668
49.557
38.9455
39.4506
37.1182
47.1215
52.758
33.8234
43.3259
64.8614
50.4642
42.8627
41.846
34.217
44.2384
41.1434
30.2924
43.3259
38.3862
61.2526
70.6823
37.0014
37.3777
35.2846
47.6304
30.7143
35.6842
44.4614
57.8057
55.3918
57.9957
