57.9576
44.1499
41.443
38.6215
34.8938
29.6409
38.6553
38.9627
33.515
47.5277
43.7557
36.0341
39.6634
46.2324
32.1002
42.9044
52.0115
51.7673
81.9619
63.1887
50.551
29.4775
45.1903
38.2862
39.3801
48.5746
42.0856
48.3086
60.5848
37.2515
59.9263
46.3295
60.4188
31.6851
36.5114
54.5863
38.554
36.8777
48.8977
37.1886
30.7143
45.848
27.5661
63.4615
51.4053
58.6123
56.5096
46.525
56.6912
48.5679
39.5213
43.3245
35.116
47.021
46.2809
51.4953
30.629
34.8215
54.0346
28.6029
52.4756
39.8741
54.018
33.5916
41.1242
49.0064
39.3801
41.6092
35.2282
57.8436
38.554
34.8662
48.2557
46.7222
57.73
33.8234
44.5738
38.0222
41.4333
71.8334
34.4038
42.3178
47.5277
61.258
38.554
49.6686
47.5277
65.3418
43.072
45.5638
62.5613
42.9044
47.5021
42.7174
46.525
43.4968
38.5203
40.5384
55.7506
42.2266
33.9275
50.58
59.967
40.5384
66.625
50.2343
39.9508
39.0316
28.2729
39.2051
40.9905
40.0961
40.1692
46.7222
40.7631
42.8627
58.6512
43.4111
45.0058
32.4307
48.7895
49.8934
35.116
45.1787
43.072
60.3981
44.2829
42.389
45.6817
51.6461
39.1008
54.3174
43.3232
37.5848
38.2862
40.2425
45.9435
68.8883
40.3899
43.072
43.5827
36.5719
64.4821
45.6581
39.5213
73.5095
42.988
44.1057
27.8445
49.9499
46.7222
46.1357
38.2862
43.3259
38.2779
30.4598
28.4141
49.3905
47.6304
36.8777
39.5922
40.6868
27.0256
42.0455
41.7668
44.2829
37.2515
39.24
39.24
37.126
40.3899
67.337
32.3356
48.3615
58.6512
53.5264
41.4333
45.9196
56.5277
46.525
54.8579
50.349
47.021
45.9435
50.8131
39.5922
37.7618
34.3503
35.7131
38.3528
40.2425
34.6743
50.58
42.6554
46.8711
49.3353
43.2409
41.7668
54.0429
37.2515
39.3099
47.4766
37.126
38.6215
44.6414
42.8627
50.3346
57.4293
61.4286
40.5384
43.3898
48.5746
35.3411
45.1903
41.1434
46.7222
46.3295
41.2975
45.1903
49.0064
53.5264
55.4092
86.8223
40.9144
32.8046
57.73
47.3237
64.2941
46.3295
38.554
44.96
47.941
63.3703
35.5691
37.0014
50.0917
42.0856
34.1376
38.5371
43.0615
53.4615
54.7133
58.9649
52.8212
45.8957
41.1434
36.5114
54.0511
41.2589
34.2436
49.6407
38.2862
39.3099
37.2515
45.7528
56.1142
37.0014
46.6727
55.1322
41.2203
55.1322
48.5212
39.6278
45.848
53.8367
41.1434
31.3251
40.613
38.6215
51.0409
41.7668
58.0339
45.3063
30.1269
39.5213
42.5628
56.1142
31.3474
64.2941
39.6278
45.0518
30.3758
37.7618
46.7222
44.0177
37.5688
86.144
49.4875
35.116
67.2311
38.4867
30.6237
44.8229
44.8229
41.7668
65.2452
50.1059
53.2678
49.1977
40.8386
32.0507
41.1434
53.3968
42.4094
37.0014
42.8211
34.8112
57.4293
43.9957
42.2064
49.3318
39.1008
37.2515
46.525
44.6414
33.0133
63.3703
54.3174
38.1537
46.1357
46.4271
31.3697
48.7895
50.522
52.4444
51.1667
44.372
42.0655
46.6234
43.669
36.9704
34.7837
49.0064
58.6512
30.1063
64.4821
65.536
51.0483
35.2212
91.5057
53.5101
34.6199
40.8386
34.5656
51.7066
56.5458
41.0668
51.7673
36.5114
40.1875
41.1434
45.848
37.7618
45.0979
55.5488
38.6215
28.3456
58.3409
37.2515
45.2831
45.0058
33.1622
51.2708
33.1124
54.7217
36.1522
41.9156
55.6891
55.5138
35.9167
29.3256
50.2343
40.2425
43.8427
34.006
45.0058
66.8269
33.7716
67.855
70.6823
37.5688
55.9008
47.1215
48.6818
32.2646
49.7807
27.2594
31.1042
57.8436
47.7335
40.6504
36.0341
37.3777
50.5727
44.4614
45.0518
45.3763
43.072
45.1903
59.9263
54.8579
35.3411
35.3128
35.0045
51.2857
53.2678
59.542
47.0963
47.2224
40.6879
38.4196
45.3763
38.9627
46.7222
42.1661
49.8934
39.1008
40.6692
31.2807
76.3075
40.2035
32.4307
42.3686
39.2225
25.5241
56.2573
39.2312
48.7895
49.8652
43.93
36.8469
53.1394
40.8386
32.4307
43.2833
39.5213
66.2248
59.2819
37.9567
40.5384
45.9435
33.9798
42.7381
34.3503
38.554
33.2497
35.6554
46.2324
37.3461
38.9627
42.9044
44.4614
36.2116
66.0142
30.7143
36.5643
47.3746
41.4528
40.8386
36.7548
37.4094
50.8131
52.3821
46.1357
51.3753
44.7547
38.0222
49.837
45.0058
50.0917
42.5526
47.941
51.0188
44.2384
42.0856
39.3801
31.2364
35.9167
44.439
40.7631
41.375
38.0222
49.3353
41.4138
37.126
52.8846
56.9106
36.1504
45.848
35.4548
41.7668
60.5796
51.0483
44.0617
35.5119
62.1207
46.525
55.1322
36.0341
37.5049
