42.7381
50.1201
43.3259
55.6891
53.0117
37.7618
46.5005
48.3615
36.0267
38.6892
45.4698
51.2857
46.7222
39.9147
42.0856
29.6409
28.9978
49.2251
44.1057
66.8142
51.7673
48.1504
46.2324
49.4459
68.117
31.8683
47.5277
49.2251
30.2924
42.2469
63.0082
67.132
35.0045
78.0287
55.1322
50.0065
52.1961
50.7838
38.2199
37.6811
33.5596
39.8066
44.1388
62.6502
38.6892
38.1208
38.0222
50.7546
43.3259
46.0394
51.8891
43.8427
45.8003
48.1504
41.375
53.985
54.5525
52.5068
37.3777
37.9894
61.258
44.82
45.5638
43.2197
46.6974
45.5638
34.1376
33.72
60.9195
39.3099
45.5638
44.1941
44.1057
48.2557
39.24
39.5213
53.5264
34.8938
38.0222
48.7895
37.0014
39.9508
43.93
33.1872
49.6686
48.5212
34.7837
47.3237
58.2638
44.1057
54.0511
38.8939
38.8255
51.4953
41.375
38.4196
40.557
58.6512
47.7593
58.4957
46.525
42.4094
38.7572
37.2515
38.554
43.572
42.9044
69.7324
35.2001
74.3611
41.4528
60.2537
73.5709
46.7222
39.6634
37.6168
46.896
31.2807
58.3409
55.1322
39.8066
47.7077
37.4094
40.0961
82.9055
48.4678
48.5746
57.9576
43.3259
36.7548
41.1434
42.532
41.6878
38.7913
48.3615
36.7548
49.6686
47.3237
57.6545
42.4911
65.2452
39.9508
37.5688
41.5504
41.9156
55.6891
37.7295
52.758
40.5384
35.3411
38.8255
50.2343
35.6266
27.8445
32.5263
33.566
43.93
29.6409
38.4196
38.1537
32.9639
52.695
36.6936
31.8654
58.6512
33.8234
41.4138
30.0858
84.0109
29.0169
44.8685
60.9195
42.2469
29.4431
47.915
43.03
50.58
52.758
41.5308
46.921
39.5922
49.2251
38.5371
41.4528
44.4166
52.4444
40.5384
34.7837
51.1667
46.2324
53.886
45.3763
41.0668
36.5076
49.3353
54.9947
36.451
45.848
39.5922
40.8009
60.5848
41.1434
39.345
54.5863
40.3899
28.865
40.6879
40.5384
56.5458
41.1051
39.8426
38.4196
40.2425
42.5731
40.6879
66.625
57.5042
43.03
57.1318
42.6348
34.8386
35.5691
31.5041
36.0341
37.7295
44.4614
58.6512
46.525
41.5504
65.2452
38.6892
34.7837
43.7557
50.8131
47.941
54.0511
47.1215
58.6123
50.4065
40.6879
39.9508
67.132
38.4531
38.2862
51.0483
73.7554
54.4515
40.8386
50.1201
42.8419
36.9859
40.5011
48.0716
45.423
45.0979
45.9435
57.8436
37.5049
44.9829
76.5724
35.7711
54.3174
61.9462
38.6808
41.9256
42.4094
42.0856
51.7673
54.0511
40.464
44.3274
42.0856
46.2324
49.0064
49.557
30.0448
63.3703
58.9452
40.2976
63.9213
44.372
34.5656
42.7381
34.5656
42.6554
65.4388
39.8741
55.6891
39.8786
42.6967
58.4957
49.6686
43.734
37.7537
36.5114
50.349
36.8777
57.5793
49.4459
46.6727
41.4138
32.147
70.4564
35.3402
50.6962
50.1201
41.3738
39.9825
38.1537
71.3685
43.2409
36.8777
60.7099
48.3615
34.4307
44.8229
36.5114
43.4968
40.3852
43.072
45.0058
46.6234
33.0133
40.316
32.9639
35.9167
40.6879
34.2436
56.2573
46.1357
45.0058
46.2809
44.1057
40.9905
44.6414
49.1703
39.345
41.7668
32.768
53.4615
61.4286
51.7673
55.9717
72.4232
49.0064
41.9256
38.4196
32.3356
43.7557
46.1357
41.6092
46.7222
40.9905
40.7631
56.2573
45.9435
57.73
49.6686
43.4968
77.6338
35.2846
38.8939
44.372
50.58
37.6329
44.6414
34.6675
33.1622
41.2975
39.8066
38.253
29.621
27.1503
51.7066
32.9147
46.3295
39.1703
49.4182
37.2515
39.3801
35.4548
46.6234
39.3713
54.4515
49.3905
32.3119
31.5944
36.5114
37.5688
46.0394
35.1021
36.6327
42.0055
50.349
41.9256
58.3409
37.5049
37.0014
38.1372
49.3905
39.9147
43.03
63.3703
36.8777
45.7528
49.1977
56.8373
35.6842
38.7232
61.4286
42.0055
52.1306
50.8131
47.7335
44.0177
36.5114
59.542
53.2035
57.4293
51.4653
41.7668
47.6304
39.345
49.557
37.6329
38.6892
47.837
47.3237
34.5115
53.7875
54.7217
41.1434
41.6092
35.5691
40.9905
45.3646
47.5261
43.669
31.583
36.3834
63.7366
39.0662
46.3295
41.7273
42.5731
50.638
46.1357
37.126
39.5922
51.2857
39.1703
47.3237
36.3909
50.0065
35.6266
55.1235
79.3268
46.8711
34.1376
32.4307
52.227
49.6127
47.837
43.9191
33.515
34.0322
37.0948
41.4479
58.5733
44.4502
38.6892
51.2857
58.3409
43.93
45.4698
42.5731
37.9894
40.3899
36.451
38.2199
49.0064
51.5254
37.7618
45.9435
30.5865
61.173
34.2436
44.8001
38.8255
42.988
32.241
41.1434
55.6891
42.7381
52.5068
43.4968
46.7222
33.4134
50.8131
39.2749
