9
8
9
10
9
13
9
12
10
9
12
7
8
11
12
10
11
11
13
11
12
7
9
8
11
10
10
9
11
11
11
11
10
7
10
9
13
8
16
12
9
15
14
17
10
7
13
10
6
11
9
8
10
9
13
11
14
9
10
9
13
12
11
9
12
13
12
11
11
15
13
15
9
9
8
13
11
9
9
12
10
11
11
10
10
8
9
13
14
10
13
12
14
10
10
9
10
9
12
9
10
8
9
10
9
9
9
12
12
8
15
13
11
11
16
7
8
8
9
11
13
9
13
7
11
10
9
10
10
11
7
8
14
11
7
13
7
9
10
8
14
9
10
11
10
10
8
10
11
13
9
10
10
13
9
8
9
11
10
9
11
9
11
8
8
12
9
12
9
7
9
10
8
11
11
13
11
12
8
15
11
8
7
14
9
10
11
12
14
12
9
11
7
7
10
7
10
11
9
9
