22
26
22
26
36
24
20
28
32
28
19
22
25
27
29
27
17
32
22
22
28
33
22
30
23
24
29
22
21
24
36
22
25
31
28
30
24
21
26
26
24
22
32
27
22
26
22
28
36
29
30
25
28
30
29
28
23
26
35
28
36
31
32
22
35
21
25
24
34
24
25
29
22
21
20
22
22
29
23
22
25
24
23
27
23
24
31
38
29
23
22
21
40
26
31
31
25
33
21
25
22
31
22
23
25
29
23
20
26
26
32
27
23
30
25
23
26
22
20
20
27
23
20
32
37
22
21
26
27
24
29
31
23
34
38
23
23
27
20
24
28
29
22
33
22
28
30
27
21
26
34
26
29
29
28
30
20
31
27
24
26
23
24
29
29
22
29
28
23
28
23
33
34
32
30
29
32
28
27
30
24
32
23
28
31
21
29
26
23
31
23
28
28
23
41
21
21
26
29
21
