34
38
42
33
56
42
41
35
41
36
40
35
35
37
40
41
38
34
37
38
51
39
34
34
48
33
28
32
42
43
38
40
41
34
39
36
39
31
39
46
30
42
35
42
42
37
35
34
37
51
39
32
34
52
34
51
30
43
33
42
37
38
38
46
46
35
44
36
36
37
51
50
41
33
41
30
35
38
39
44
45
32
42
43
40
34
39
36
44
32
39
34
32
39
38
35
42
34
34
43
50
43
32
33
35
32
45
32
37
42
44
38
37
33
37
35
36
41
38
36
39
32
33
34
31
39
41
29
36
42
39
38
38
45
55
38
36
39
27
30
38
37
39
45
43
41
43
40
42
41
35
38
42
37
32
37
43
39
46
34
45
44
40
30
50
34
34
36
41
40
40
33
40
38
47
36
38
33
35
36
36
40
40
34
35
33
43
34
34
35
44
40
45
38
35
42
44
42
38
38
