25
23
26
23
29
25
35
24
26
27
23
26
20
27
22
30
37
25
26
29
21
25
25
25
21
24
27
27
21
26
29
36
20
28
28
34
28
29
32
30
31
33
26
24
33
30
31
23
22
24
24
38
26
26
26
29
31
28
27
26
26
26
36
19
20
24
22
29
32
27
35
34
25
37
34
32
24
26
30
25
25
23
21
23
32
26
20
26
22
26
22
31
25
35
28
31
27
26
24
26
21
26
28
30
21
29
42
26
32
33
33
29
32
25
31
35
39
26
29
37
32
28
25
25
26
34
28
31
25
26
30
21
27
29
32
21
22
24
28
27
27
22
29
32
29
27
29
36
35
24
26
25
30
28
21
30
37
29
34
27
25
27
25
29
29
28
25
31
29
26
33
29
29
31
24
27
24
28
31
31
22
27
28
27
25
27
25
24
34
29
30
25
34
25
39
30
29
29
24
37
