11
12
10
8
11
10
12
14
11
11
10
11
12
10
9
13
10
14
10
10
9
10
13
12
14
10
12
10
8
10
13
8
14
12
13
9
11
12
10
12
10
9
11
13
12
11
9
10
7
15
12
12
14
8
9
13
11
12
12
9
9
9
9
9
11
11
10
16
11
11
13
11
13
10
11
11
13
11
9
7
11
9
19
11
13
13
7
12
12
11
10
12
12
12
10
10
14
8
13
9
8
13
11
12
12
14
10
9
12
12
11
9
10
12
11
17
10
9
12
12
11
13
8
9
10
12
12
9
9
10
11
11
9
12
8
12
9
12
10
11
14
9
12
10
14
11
11
17
18
10
8
7
8
13
9
12
14
14
12
13
13
10
12
10
11
11
8
9
11
13
9
11
8
13
18
13
11
12
10
12
9
14
12
13
8
13
13
9
12
11
12
14
9
11
11
17
10
11
11
11
