34
28
25
29
27
32
24
23
24
25
24
22
23
26
26
25
25
20
27
36
25
33
22
29
32
21
21
23
27
28
35
22
24
27
20
24
21
23
24
22
21
26
23
32
28
30
25
36
20
24
24
32
29
37
30
25
21
19
22
24
24
19
37
33
19
24
22
30
25
27
23
26
20
35
27
24
23
30
25
29
22
24
21
26
23
25
33
24
26
27
43
24
30
28
24
29
21
21
24
20
27
26
26
27
23
27
24
19
26
27
28
31
23
29
21
21
21
24
22
25
36
29
19
25
17
25
23
21
21
23
27
24
33
28
21
20
19
22
27
32
28
23
26
19
22
27
25
25
42
26
27
24
18
28
20
24
26
31
23
24
21
25
30
37
21
20
23
28
27
22
31
23
25
27
30
31
26
26
23
35
38
21
19
18
27
25
31
24
25
23
22
25
25
28
27
25
18
18
23
27
