9
7
10
8
8
8
10
8
10
14
8
13
8
13
10
18
14
11
10
8
12
14
13
12
11
9
10
7
16
11
10
10
16
11
10
9
10
15
14
11
10
11
12
15
8
13
9
8
11
10
15
10
9
9
12
13
8
9
10
7
9
12
12
9
10
8
10
12
10
12
16
11
12
11
9
10
10
12
11
10
7
12
9
14
9
10
10
9
10
9
8
10
8
9
18
8
9
17
10
12
10
9
11
14
10
10
8
6
10
10
11
13
14
12
15
12
7
13
11
10
9
11
17
11
10
8
13
10
8
7
13
10
10
11
12
20
11
10
10
9
10
12
10
11
13
6
10
10
10
11
10
7
15
8
10
10
9
9
8
15
10
12
10
10
15
10
12
10
10
9
7
11
8
15
11
9
16
10
13
10
10
8
9
10
15
13
9
10
10
7
11
11
11
8
11
11
13
14
8
8
