20
24
41
29
24
36
23
26
22
21
26
26
23
30
36
21
22
25
23
21
23
21
30
36
32
29
23
26
35
22
27
24
31
29
24
24
22
35
31
27
25
23
22
25
30
24
22
22
21
30
24
19
24
29
25
24
31
21
32
23
23
31
28
29
23
20
26
32
23
26
25
19
22
33
23
28
24
20
25
35
26
25
26
19
26
26
28
23
35
27
28
33
43
24
26
24
19
24
28
20
27
25
34
24
29
23
35
29
24
24
22
21
26
28
25
23
26
25
24
25
20
28
22
31
29
20
22
22
30
23
34
51
24
26
24
22
26
34
27
22
25
22
28
29
21
30
26
17
26
22
19
23
22
26
24
27
30
30
22
30
23
19
19
23
26
28
27
24
23
24
28
20
25
26
25
29
22
21
25
21
24
22
22
28
22
22
25
24
26
18
23
22
26
24
27
23
26
29
21
25
