18
24
22
18
20
18
22
30
16
16
25
18
18
22
25
19
18
20
21
21
22
14
19
23
19
16
19
21
15
21
27
18
20
18
21
19
21
17
20
19
18
21
16
17
22
16
19
18
18
14
14
19
15
23
17
20
14
19
18
18
19
20
16
25
17
17
15
20
17
18
20
13
22
14
18
16
22
25
18
19
21
24
20
23
18
19
21
17
20
22
24
20
19
16
15
17
15
27
18
20
15
15
16
17
16
22
21
20
19
18
21
20
18
26
17
16
18
17
21
20
16
15
17
18
19
17
20
18
17
19
18
21
21
18
21
18
19
17
19
15
21
18
12
19
15
18
21
24
21
19
22
17
21
21
15
22
22
18
25
16
20
18
18
21
25
21
26
19
21
18
22
15
13
21
17
18
18
15
24
18
21
19
20
21
17
17
19
17
20
18
22
13
15
17
24
18
20
21
19
28
