32
31
29
34
35
50
31
41
30
34
35
29
30
35
37
33
35
33
31
37
28
30
35
33
42
39
38
32
32
31
34
41
31
32
29
36
31
35
33
41
30
33
33
32
32
39
36
38
39
37
32
30
35
31
33
35
31
36
37
28
43
33
32
34
36
36
36
28
33
34
35
33
32
33
34
40
36
33
33
30
34
35
34
32
34
46
38
32
29
34
33
38
39
37
31
36
32
30
31
32
30
33
36
32
42
34
34
32
29
32
33
29
33
33
32
31
32
34
37
38
33
35
36
34
31
32
36
33
33
29
37
34
36
29
28
34
37
40
42
34
30
34
36
36
31
33
31
31
28
35
38
29
32
34
33
31
32
46
38
34
31
35
34
37
34
31
38
31
37
32
35
33
32
29
33
39
37
35
34
34
31
32
33
34
34
28
34
35
43
40
37
36
34
31
35
34
36
35
34
46
