33
33
41
32
32
34
37
35
34
40
36
34
29
32
39
29
32
35
32
28
33
32
43
37
30
34
34
34
29
30
43
36
36
40
35
31
31
33
38
31
31
37
29
33
37
34
32
31
32
37
38
32
30
31
49
38
32
31
40
32
33
35
38
29
31
35
31
31
34
35
32
31
38
33
32
38
30
34
38
44
31
37
36
34
35
35
38
32
40
26
36
32
38
31
31
26
39
34
34
31
29
32
39
40
36
32
35
34
35
32
30
33
29
32
34
35
31
28
44
45
29
37
35
31
32
30
27
34
34
41
30
31
35
36
29
30
55
36
31
31
27
33
37
35
30
39
34
41
35
38
35
35
36
33
33
33
29
32
35
28
32
33
32
38
25
29
32
34
31
40
31
37
33
37
34
36
34
33
30
41
32
30
34
27
35
34
31
36
34
29
33
42
36
32
34
33
34
32
30
33
