35
32
37
31
38
33
38
33
29
35
32
34
36
31
31
30
30
33
32
37
32
35
33
28
42
34
40
36
35
32
35
34
32
31
36
32
32
33
33
30
32
34
44
34
30
37
34
30
33
32
36
28
36
28
30
36
28
37
33
38
38
46
31
34
33
37
34
40
32
32
31
38
37
29
32
32
37
31
31
36
34
38
34
33
29
31
30
39
28
30
34
38
34
35
37
29
30
29
30
35
39
41
34
34
37
28
31
41
31
28
31
37
35
30
40
32
34
35
29
30
36
38
26
33
33
37
33
32
34
36
36
34
38
30
31
28
27
31
35
33
33
32
39
30
34
54
31
34
36
32
33
38
30
40
34
29
35
32
35
35
31
27
33
29
39
40
33
41
35
39
34
34
33
37
28
31
34
38
28
33
30
33
30
30
29
38
33
42
28
41
40
35
34
32
29
34
35
41
30
33
