50
49
48
48
56
53
50
59
44
64
56
49
53
57
54
55
55
47
50
52
52
51
49
52
54
48
53
58
62
49
50
48
45
51
46
49
49
47
56
48
53
49
47
57
53
60
43
46
48
48
49
59
52
48
55
49
52
66
50
54
50
55
51
53
45
65
53
56
56
48
46
53
51
52
53
49
55
46
56
52
50
47
57
48
47
45
55
54
51
50
49
54
54
59
47
47
52
50
50
49
55
54
55
52
54
55
54
54
49
57
47
47
49
51
55
60
55
44
57
60
55
49
47
50
54
52
47
49
53
65
58
51
58
59
55
51
60
64
58
51
52
50
49
46
56
50
52
52
51
53
60
58
49
50
48
51
49
53
56
57
48
47
45
52
58
58
53
50
53
58
53
51
58
51
53
50
57
55
58
51
48
51
54
56
48
45
52
56
45
52
51
50
53
55
55
53
49
52
51
50
