105
113
122
95
108
97
94
101
112
128
93
97
99
97
117
99
114
92
94
116
95
97
109
132
85
96
101
118
101
96
94
100
105
107
107
123
109
113
133
98
106
128
103
119
96
101
95
88
120
101
108
98
89
104
104
102
94
108
95
98
98
90
103
97
90
118
113
89
97
89
130
104
106
94
110
137
112
109
106
114
120
103
105
88
104
109
105
99
103
89
141
96
87
111
101
111
100
95
91
98
116
114
91
102
110
115
98
94
120
100
104
91
91
101
106
111
106
102
102
99
89
97
97
134
98
97
90
89
116
94
105
110
91
117
129
101
102
133
98
128
88
92
123
122
101
121
98
88
92
95
92
112
99
95
92
108
99
95
98
103
133
98
100
99
98
96
90
102
111
90
101
100
101
104
115
114
84
88
130
107
104
103
96
110
93
95
95
107
90
114
106
92
94
106
90
119
125
113
124
106
