16
15
15
19
18
15
18
13
15
12
21
15
17
14
21
17
17
16
19
14
15
16
14
17
15
16
17
15
17
16
17
19
15
15
15
14
18
19
14
16
18
15
17
20
22
15
16
17
15
18
17
19
17
17
14
17
16
17
15
17
17
20
17
15
15
18
19
16
15
23
14
17
17
17
18
13
18
20
14
14
16
18
15
15
14
17
17
16
14
18
14
14
21
16
17
18
15
18
17
17
15
19
15
17
15
23
15
15
13
17
18
16
17
16
16
16
17
15
15
16
20
16
14
21
20
15
15
16
18
15
19
22
18
17
18
15
15
19
16
17
13
17
17
15
14
13
16
15
15
16
17
18
16
15
13
16
16
15
17
16
16
18
15
15
21
17
14
15
17
17
15
18
20
16
18
17
16
16
20
17
15
16
14
18
17
22
17
16
19
13
15
16
18
15
18
18
14
16
16
18
