118
118
98
92
106
110
105
100
101
111
97
100
108
93
92
112
95
105
92
112
101
100
107
117
102
107
101
108
101
102
103
116
98
80
92
106
87
129
104
94
98
112
84
110
91
114
90
105
83
86
85
125
101
91
93
114
123
89
97
96
94
90
109
95
93
97
87
93
110
92
93
93
86
106
109
120
118
118
104
116
103
134
90
88
109
93
104
95
111
96
117
98
93
110
95
106
105
91
94
118
118
102
113
98
103
84
112
101
117
98
109
93
113
104
81
102
89
90
118
98
108
119
103
137
95
85
93
100
98
96
123
134
116
119
107
96
93
98
118
87
113
107
101
97
103
113
103
92
121
81
120
102
114
100
105
100
100
114
101
113
104
143
94
106
105
104
83
104
114
113
104
115
121
91
140
106
120
108
101
124
108
98
91
102
131
100
100
144
121
103
108
99
83
95
128
122
101
99
103
91
