14
22
14
13
19
16
17
15
13
15
14
21
18
17
16
18
16
20
16
14
15
22
16
16
15
14
18
17
15
14
13
14
16
15
18
15
21
15
16
17
14
16
15
14
15
18
16
16
14
16
16
16
19
17
23
17
16
15
19
17
17
16
16
20
14
15
16
18
15
13
21
19
16
15
14
15
16
18
14
16
16
14
16
15
18
15
16
15
17
17
18
16
17
18
14
17
17
15
18
15
19
16
15
17
14
17
19
17
19
19
15
17
18
16
16
13
17
17
17
16
11
19
14
15
16
19
18
14
18
15
14
15
19
16
17
17
15
13
19
20
16
19
19
14
15
20
19
19
19
15
17
14
12
14
15
19
20
14
20
19
17
15
18
17
17
14
14
13
15
17
15
15
14
15
14
17
14
16
15
13
15
17
23
18
16
18
16
16
17
16
14
17
16
18
18
17
15
16
13
13
