113
97
97
89
119
102
117
102
108
90
109
98
98
94
103
121
104
108
99
115
103
117
94
86
112
105
97
104
108
95
105
100
108
99
101
100
96
104
99
90
106
121
97
87
94
119
97
97
112
100
96
104
94
124
107
94
104
88
109
115
84
95
106
104
121
103
100
101
98
108
110
98
83
89
107
105
92
103
112
85
105
99
102
97
105
116
91
95
92
114
116
97
94
102
117
110
103
90
94
93
91
86
111
125
87
122
104
115
100
101
96
90
114
104
110
107
97
105
93
122
101
89
98
96
110
96
111
112
101
88
110
104
93
130
108
131
113
118
109
101
108
115
91
91
92
104
98
100
94
105
109
102
94
105
94
110
95
97
86
107
114
103
93
93
90
99
117
91
101
117
104
114
103
104
111
109
93
94
101
120
92
88
100
116
90
93
82
88
98
109
99
91
119
91
112
110
109
98
98
99
