12
13
12
10
10
11
10
12
11
15
12
12
10
10
13
11
13
12
9
10
11
10
11
12
13
11
13
15
10
12
9
12
14
13
11
12
12
14
12
10
11
13
12
14
10
11
12
13
9
12
12
11
13
14
11
12
12
10
12
14
12
11
11
11
9
11
12
10
12
11
11
11
11
13
12
12
11
11
11
13
13
10
12
13
12
12
10
11
13
12
12
12
12
11
9
14
10
10
9
10
13
13
11
12
14
12
11
10
11
13
13
12
11
11
13
12
13
12
15
11
15
11
11
15
12
12
14
15
11
13
14
10
11
11
10
10
12
10
13
12
15
13
10
10
11
11
9
11
13
11
10
13
13
11
10
11
10
12
10
11
12
12
12
12
12
9
11
10
12
10
13
11
13
10
14
10
11
11
12
11
12
12
11
11
10
10
12
11
17
13
11
11
10
11
11
12
12
12
12
12
