12
10
12
12
13
13
12
13
12
10
11
10
9
13
11
10
11
11
9
11
12
11
13
10
11
13
10
11
10
11
11
11
14
12
13
10
10
11
11
10
9
10
11
10
11
12
12
11
12
12
15
13
10
11
10
12
11
13
14
13
11
11
15
11
12
11
11
13
12
10
11
14
12
14
14
15
11
10
11
11
12
12
11
11
14
14
17
16
11
11
12
12
13
13
12
12
10
11
11
12
13
11
9
11
11
13
10
14
13
10
9
14
11
9
11
13
10
11
12
11
12
11
12
11
12
9
10
11
14
10
12
11
10
13
11
12
10
11
13
12
11
13
13
12
10
10
16
10
11
9
11
13
13
10
15
10
11
13
11
11
12
17
13
10
11
10
12
14
12
10
11
12
12
18
11
12
12
12
12
13
13
13
12
13
11
13
10
11
10
13
10
11
12
10
11
12
11
13
10
11
