35
34
41
37
31
32
35
32
35
35
42
31
34
37
34
33
34
36
35
33
30
28
29
38
32
31
49
37
39
48
32
32
33
34
38
43
28
36
37
33
42
28
39
50
36
36
32
36
36
27
29
38
31
30
41
38
42
35
34
32
37
32
42
35
33
36
41
29
40
31
36
33
35
32
34
39
35
30
38
31
33
30
34
34
33
32
36
38
35
35
32
33
37
30
32
32
34
38
26
34
28
32
39
35
33
35
36
36
42
33
35
37
33
35
40
33
36
30
36
33
38
30
36
33
31
41
36
35
31
34
31
31
38
37
29
28
40
32
40
34
33
30
31
35
27
37
32
33
36
38
32
40
29
39
28
31
37
34
34
31
36
28
31
34
32
34
39
32
33
30
31
32
32
39
30
36
34
29
27
41
40
38
27
28
33
28
30
34
39
35
35
34
31
34
31
31
50
35
30
27
