12
12
11
12
12
12
14
11
9
13
15
10
11
10
12
8
11
15
13
10
11
11
10
9
12
11
11
11
11
10
13
13
14
11
14
9
15
14
12
15
11
11
11
16
12
12
13
11
11
11
10
11
10
11
14
10
11
12
10
12
12
11
11
14
14
10
10
14
14
11
12
11
10
12
12
13
12
11
10
12
11
10
12
11
10
10
11
11
13
14
11
12
11
13
13
12
13
11
11
10
11
12
11
17
12
11
10
12
13
9
12
15
12
11
12
10
13
9
11
12
12
12
11
13
14
13
12
10
10
12
13
11
12
14
12
11
12
11
12
10
13
10
10
15
13
13
13
16
11
12
10
11
11
11
10
11
10
15
11
12
10
12
13
13
12
11
13
12
11
15
10
14
13
12
15
10
10
16
11
12
11
11
11
10
11
12
14
10
11
12
10
9
9
13
11
13
12
13
13
13
