,nBalls,meanGap,nBins,batchPercentage
0,100,0.99,10000,0.01
1,1000,1.8899999999999997,10000,0.01
2,10000,2.15,10000,0.01
3,100000,3.08,10000,0.01
4,1000000,5.875,10000,0.01
5,10000000,19.795,10000,0.01
6,100000000,100.95,10000,0.01
7,100,3.08,10000,0.05
8,1000,5.875,10000,0.05
9,10000,19.795,10000,0.05
10,100000,100.95,10000,0.05
11,1000000,1.02,10000,0.05
12,10000000,1.8999999999999997,10000,0.05
13,100000000,2.625,10000,0.05
14,100,100.95,10000,0.1
15,1000,1.02,10000,0.1
16,10000,1.8999999999999997,10000,0.1
17,100000,2.625,10000,0.1
18,1000000,4.49,10000,0.1
19,10000000,13.115,10000,0.1
20,100000000,60.225,10000,0.1
21,100,2.625,10000,0.5
22,1000,4.49,10000,0.5
23,10000,13.115,10000,0.5
24,100000,60.225,10000,0.5
25,1000000,497.41,10000,0.5
26,10000000,1.06,10000,0.5
27,100000000,1.9049999999999998,10000,0.5
28,100,60.225,10000,1.0
29,1000,497.41,10000,1.0
30,10000,1.06,10000,1.0
31,100000,1.9049999999999998,10000,1.0
32,1000000,3.045,10000,1.0
33,10000000,5.98,10000,1.0
34,100000000,20.05,10000,1.0
