62
62
59
64
59
57
63
62
55
62
53
61
59
63
58
54
68
65
63
61
57
56
62
61
61
56
62
68
62
64
63
63
53
62
59
59
61
63
56
58
61
56
69
59
61
58
61
62
63
71
59
59
59
59
59
59
59
58
57
63
59
59
67
60
58
63
63
59
66
61
57
60
56
62
60
60
63
59
64
56
60
56
62
66
58
61
61
55
54
61
65
62
62
62
71
67
70
61
68
61
55
62
65
58
59
64
57
60
54
59
60
58
55
60
58
57
54
63
60
60
56
59
62
66
63
56
55
56
60
65
59
55
56
62
65
58
60
58
65
62
58
65
56
62
64
61
58
58
56
56
63
57
63
58
60
60
61
57
58
59
53
63
60
68
55
60
62
62
59
73
58
60
61
57
55
55
59
54
58
58
63
58
56
61
59
53
58
63
66
68
59
61
59
58
66
60
59
58
63
58
