366
381
342
369
379
388
381
438
399
341
414
375
422
412
372
390
381
370
366
387
434
375
376
447
404
377
394
359
374
358
361
404
377
338
471
354
370
434
369
381
421
380
399
377
366
375
404
359
412
411
358
372
360
393
386
366
387
426
395
461
412
429
381
372
390
390
342
352
366
383
410
338
464
363
393
438
389
385
367
454
419
402
405
432
352
359
355
366
371
419
365
432
432
354
391
375
367
416
392
368
391
407
379
346
364
357
362
413
442
372
433
354
357
396
428
358
362
351
385
413
379
391
381
377
377
383
369
378
407
399
429
399
385
359
349
360
371
391
432
384
348
395
374
402
441
397
401
407
373
362
365
388
368
401
381
428
372
393
374
392
369
405
374
381
377
393
405
387
410
390
346
372
338
387
377
330
360
373
373
409
371
424
336
392
391
457
362
374
347
401
433
348
373
406
396
368
380
376
372
373
