119
121
138
117
123
121
131
114
113
144
123
124
116
109
134
132
112
124
125
114
137
116
124
130
111
123
118
143
118
126
138
119
125
124
112
135
120
128
111
139
121
121
114
121
143
138
114
122
122
120
125
120
109
130
140
137
121
119
131
118
110
125
109
128
126
130
121
118
126
116
127
130
139
134
134
120
130
128
130
125
106
117
134
113
136
120
128
136
121
121
125
126
108
125
117
116
114
120
133
128
120
110
122
139
124
129
121
136
115
131
134
135
114
135
116
123
116
127
124
129
130
126
110
120
131
112
106
127
118
120
118
139
139
118
112
138
131
116
149
120
119
146
130
111
147
127
119
131
116
115
116
129
134
124
139
120
118
113
135
122
131
112
110
120
123
155
131
118
136
120
119
125
147
122
129
141
126
117
112
121
115
114
110
131
120
115
126
122
124
125
113
127
131
118
124
118
124
109
133
118
