44
46
43
39
47
39
38
42
39
46
43
39
43
38
43
41
45
38
40
35
39
45
42
49
41
40
38
45
41
45
47
45
38
42
35
40
46
37
40
49
40
43
38
40
36
41
40
46
41
40
40
39
36
45
37
39
41
41
37
40
38
38
40
48
39
41
38
50
43
41
40
35
42
44
52
39
38
39
42
41
39
41
44
38
36
41
40
44
43
39
41
43
42
41
38
43
37
36
39
38
39
42
39
46
39
44
36
44
37
38
40
38
48
37
38
42
39
44
39
38
51
46
37
39
34
49
40
41
48
44
38
51
37
44
42
38
43
42
36
36
41
40
37
40
36
40
39
46
36
36
44
44
40
40
34
40
44
40
39
41
36
36
41
47
41
42
37
47
39
41
41
39
44
40
38
38
36
42
40
37
41
43
46
37
42
37
49
43
43
38
41
37
43
41
40
38
43
41
40
38
