138
116
112
122
115
134
117
118
124
123
149
129
136
103
118
133
117
118
111
116
119
120
118
136
113
132
136
121
114
140
120
158
125
123
113
134
137
115
128
140
126
128
123
122
105
135
149
117
118
118
125
143
116
115
108
128
127
137
123
116
113
121
137
115
144
153
124
121
129
109
112
119
127
119
127
118
125
172
130
114
126
112
116
115
125
121
120
162
108
122
118
134
115
124
119
116
127
125
137
130
125
124
116
139
122
154
128
145
121
122
123
132
120
114
132
147
126
119
127
108
113
122
136
132
115
125
139
131
118
108
115
125
112
116
133
111
114
121
127
113
100
121
126
121
132
132
123
135
114
124
153
122
110
117
127
135
145
117
133
121
135
122
123
116
117
115
148
124
121
123
125
106
128
129
135
117
106
124
116
130
125
118
127
123
118
135
116
128
113
124
123
133
128
119
114
116
124
121
131
119
