156
111
126
152
135
119
123
125
126
127
123
125
116
127
124
125
130
116
125
114
112
121
118
124
130
107
120
120
122
116
113
125
130
129
160
128
108
120
111
115
130
132
130
130
123
131
125
117
125
119
138
117
112
141
130
120
129
131
118
114
126
128
126
119
130
123
121
129
117
137
113
144
122
134
136
132
106
111
119
116
127
118
121
118
121
133
109
121
122
137
129
112
116
126
125
119
120
120
134
136
127
130
121
132
140
111
123
153
121
123
113
113
129
115
132
120
124
112
120
117
157
116
114
122
127
122
117
124
120
129
122
119
119
114
173
115
125
125
114
125
107
139
119
123
128
144
126
130
134
125
107
119
138
119
136
129
120
117
142
119
113
122
119
118
117
116
114
121
126
117
126
128
122
117
132
115
128
111
146
126
136
120
115
117
125
126
112
132
142
127
121
121
112
134
111
119
119
126
114
121
