12
13
13
14
13
14
14
12
14
13
13
16
14
13
12
13
13
13
12
12
13
15
13
12
14
13
12
12
12
13
13
15
11
12
11
17
13
13
15
14
15
13
13
16
12
15
13
11
14
12
12
13
12
15
13
13
12
12
14
16
13
13
14
13
15
13
13
16
12
11
13
14
12
14
14
14
11
13
16
12
13
13
13
14
15
14
12
12
13
12
13
12
14
12
16
13
17
13
14
13
14
12
16
11
12
13
14
12
13
15
12
16
12
14
13
14
13
17
14
13
14
13
16
13
12
12
13
13
16
13
14
12
14
12
14
13
13
13
13
13
14
14
16
13
13
13
12
13
14
13
12
13
13
13
13
13
12
11
16
12
14
14
15
12
14
14
13
12
14
12
12
14
14
18
16
11
13
12
12
14
12
12
12
13
13
14
13
12
11
13
12
14
13
12
12
15
15
12
14
11
