20
20
18
21
18
18
20
20
19
19
20
19
19
23
20
21
20
17
24
20
20
18
19
18
20
19
19
20
22
19
23
22
20
19
17
21
23
19
23
23
20
20
20
17
19
20
19
18
20
19
17
18
20
20
21
19
19
20
21
20
18
18
19
18
20
19
20
20
22
19
18
19
21
21
18
20
20
20
18
19
18
19
16
21
20
19
22
21
20
19
21
21
19
19
19
20
22
23
20
22
18
19
18
22
20
18
19
20
20
19
19
23
23
19
20
23
18
18
20
19
21
19
20
19
23
18
21
22
19
17
19
19
19
18
22
22
20
19
18
23
19
18
21
20
20
24
21
23
20
20
19
17
18
17
20
21
18
20
18
22
21
20
20
19
19
18
21
19
20
20
19
19
18
20
18
19
17
24
22
19
23
20
20
22
22
18
20
20
23
21
18
23
18
19
17
21
17
20
20
21
