15
13
15
16
14
15
15
15
16
13
14
15
13
14
13
17
14
15
15
13
14
13
14
15
14
13
14
15
16
13
13
16
15
14
15
16
13
14
14
13
16
14
14
13
12
15
15
16
14
15
17
14
14
14
13
13
14
14
13
14
15
16
13
13
15
15
15
13
13
18
13
15
14
14
13
15
13
16
13
18
16
15
14
14
14
15
12
13
14
15
15
14
13
15
14
17
15
18
13
15
14
13
16
12
13
14
15
15
13
14
15
14
13
16
14
13
13
13
13
14
14
14
14
15
14
14
15
14
13
14
13
12
12
14
13
15
17
15
15
14
18
17
13
14
13
12
18
14
13
14
12
13
18
14
14
14
13
16
14
15
20
16
14
13
13
13
14
14
14
13
14
13
15
13
12
16
13
15
12
17
12
15
16
17
15
14
15
13
16
14
13
16
13
14
14
14
13
13
14
14
