39
44
36
42
37
38
40
45
37
44
39
37
43
41
48
38
41
40
39
44
40
39
42
43
41
49
42
43
44
35
43
40
46
42
38
43
36
44
40
35
46
37
51
39
41
42
39
43
39
38
36
39
37
38
43
42
42
42
44
40
39
42
40
44
41
41
40
37
45
40
40
38
38
37
40
44
39
39
37
41
40
38
39
44
38
40
49
40
38
44
41
38
40
38
41
36
44
38
40
45
42
42
42
39
36
41
42
39
42
39
36
39
40
41
39
38
47
37
38
44
37
46
46
42
42
42
40
36
35
43
37
38
42
38
40
39
36
42
41
41
39
46
47
36
41
40
37
39
43
38
43
39
39
38
40
43
43
36
41
42
40
40
40
40
49
44
39
41
41
38
41
43
40
42
44
41
44
41
38
37
43
42
44
36
39
45
44
41
38
35
38
41
44
38
38
37
42
37
39
34
