413
380
411
379
371
391
415
416
400
425
382
386
355
382
397
372
410
423
416
372
416
374
351
402
420
354
354
381
332
369
349
392
382
356
431
362
384
413
377
367
381
381
340
407
378
340
371
394
448
376
403
356
368
439
365
364
383
387
373
378
356
358
385
402
362
423
415
357
382
363
407
419
383
335
397
393
369
370
359
360
398
365
373
388
435
357
356
396
383
373
339
395
424
487
383
405
362
386
374
405
448
343
367
355
396
429
362
423
368
356
357
403
373
366
350
400
459
349
344
355
396
403
383
424
418
389
419
433
428
385
381
392
357
343
430
407
383
353
399
342
363
385
352
389
353
385
440
468
421
357
417
383
348
372
360
357
360
389
362
365
362
390
378
382
393
395
350
362
437
356
376
399
451
384
373
437
453
352
369
388
371
378
436
360
368
396
441
375
419
376
391
421
433
415
381
367
347
415
360
404
