44
44
39
46
38
35
38
40
35
36
39
42
40
39
48
41
39
45
42
40
43
38
41
35
41
44
38
40
44
44
41
42
41
39
38
39
40
39
36
37
39
37
40
42
43
38
37
37
37
38
42
40
41
36
42
39
37
45
39
44
45
42
39
40
40
36
42
36
41
39
43
44
38
40
44
38
39
40
42
41
36
43
41
41
35
35
40
41
39
36
41
39
40
40
37
46
37
41
37
44
43
38
40
50
38
44
41
40
43
40
45
38
39
43
49
40
38
44
42
44
42
43
46
41
42
41
37
35
44
44
39
44
42
36
39
42
39
45
44
39
39
37
42
37
40
42
39
38
42
39
39
41
40
40
38
41
38
48
43
44
42
38
37
39
40
38
38
41
38
41
41
40
39
38
40
39
40
44
44
43
41
43
37
45
42
41
43
51
38
48
41
37
40
49
41
41
36
37
37
40
