14
16
15
14
14
16
13
12
13
15
13
15
15
15
14
13
14
14
15
14
14
15
18
15
16
17
13
13
13
13
16
16
13
14
13
14
13
17
14
16
14
13
13
13
14
12
18
12
14
13
16
14
14
13
15
14
13
13
19
15
14
14
13
14
13
13
13
11
16
12
15
15
13
15
16
13
13
13
15
14
14
15
13
14
15
14
15
16
17
14
16
14
15
16
16
14
12
15
16
15
14
15
16
14
13
15
15
13
13
14
14
16
15
12
13
14
13
12
13
14
13
13
15
13
15
15
17
13
13
14
14
14
12
14
14
17
16
14
14
16
15
13
13
17
13
14
18
13
14
14
15
13
13
15
12
12
13
15
14
14
15
15
17
13
14
14
15
16
12
13
17
14
16
15
14
14
15
14
14
13
14
14
14
14
18
13
13
12
11
15
13
12
15
14
14
13
15
14
15
13
