4983
5009
4983
5002
5046
5029
4992
4974
4987
5006
4998
5005
5038
5121
5057
5086
5005
5052
4968
5004
5024
4983
4981
5024
5002
4992
5075
5106
5074
5038
5038
4965
5005
4989
5055
5093
4985
4974
4995
5004
5077
5070
5017
4956
5038
5020
4983
5052
5046
5072
4965
5035
4986
4996
5030
4999
4995
5062
4983
5014
4991
5084
5027
5149
5001
5010
5016
4928
5122
5030
4974
5159
4990
5014
4996
5056
4993
5009
5034
4973
5121
5046
4977
5039
4969
4968
4968
4985
5085
5020
5035
5039
5041
5022
4977
4957
4977
4984
5005
4968
4995
5025
4971
4957
4997
4968
5020
4964
4988
5056
4994
5044
4970
5055
4996
5116
4944
5051
5032
5053
5130
4999
4988
5044
5017
4938
5036
4988
5010
5056
5072
4978
5016
5002
5063
5041
5105
5031
5100
5039
5003
5070
5010
5055
4979
5005
5091
4943
5045
4992
5018
5034
5017
4962
5053
4974
5014
5013
5081
5034
5018
5055
4994
5030
5044
4999
5021
5048
4984
5010
5022
4997
5015
4973
4987
5069
4989
5004
5079
5041
4991
5025
4972
5056
5006
4968
5049
4968
5010
5017
5049
5024
5061
5050
5076
4997
5023
5116
5055
5025
