42
40
43
43
41
39
39
39
47
49
39
46
39
37
40
43
43
37
40
42
46
43
37
40
42
41
50
38
40
36
45
39
39
39
37
55
42
42
38
39
49
46
43
37
37
39
43
39
39
39
39
37
35
39
41
41
41
40
37
44
41
39
38
36
43
39
44
37
41
46
41
42
37
40
41
39
42
40
40
40
39
41
43
40
37
39
38
43
42
37
41
41
38
42
42
40
42
41
39
38
40
43
37
36
40
43
43
40
40
40
49
45
37
46
38
45
40
41
40
44
41
39
40
40
39
38
44
42
42
37
39
37
40
42
42
44
45
44
37
45
39
39
37
43
39
58
39
41
42
38
50
43
45
40
36
39
41
37
44
44
39
36
51
46
41
39
43
40
41
41
38
43
44
41
37
37
38
38
37
41
43
41
54
43
40
37
42
38
38
37
35
43
45
39
38
40
42
37
37
44
