101
110
103
92
99
98
97
104
96
102
100
93
106
101
96
96
104
115
101
104
98
92
113
96
97
102
104
108
97
97
100
100
99
96
110
99
105
113
109
100
102
116
93
96
99
95
107
99
97
102
95
95
106
105
95
114
102
93
106
101
91
105
101
96
97
98
106
99
96
94
105
106
113
96
99
104
109
100
120
96
102
97
97
107
101
101
95
94
100
96
96
104
101
102
97
99
108
97
95
98
98
105
102
98
99
98
102
101
105
98
105
106
99
106
99
109
112
97
106
101
100
104
99
96
115
97
95
107
100
103
96
102
92
97
115
103
102
97
104
94
102
92
93
102
101
99
102
96
101
100
100
103
98
101
98
95
105
94
94
100
91
109
91
99
108
106
102
98
94
99
104
107
102
104
90
110
110
97
110
102
95
103
108
97
97
106
98
106
95
105
93
101
101
96
103
103
103
100
109
109
