68
69
66
64
63
65
73
63
66
59
65
64
69
62
72
66
77
60
69
69
64
64
69
61
69
69
68
66
65
65
62
68
63
70
64
67
66
70
72
63
70
65
65
69
72
65
75
66
64
64
64
61
66
65
61
69
61
66
68
72
64
67
63
69
61
65
62
73
73
63
76
65
63
69
69
69
69
66
63
73
66
69
67
66
76
64
62
63
65
63
65
65
69
71
71
67
64
62
62
65
66
66
68
67
65
71
65
66
68
67
65
65
68
66
66
64
65
75
63
71
66
64
65
64
66
72
63
65
67
70
62
70
64
63
64
60
70
69
63
68
71
67
61
71
70
65
67
65
63
64
67
68
71
66
71
69
77
68
69
66
66
62
68
65
70
63
67
72
67
76
62
68
71
66
67
67
64
62
66
76
75
67
66
63
70
67
66
70
69
68
64
66
61
68
82
69
75
59
65
66
