13
13
14
13
14
17
15
15
15
14
16
14
14
14
13
16
12
18
14
14
16
14
13
12
14
14
13
16
14
17
17
17
13
15
15
16
15
15
13
15
14
17
13
15
13
16
16
14
15
15
14
16
14
15
14
13
15
15
13
17
18
17
14
13
14
14
14
14
17
14
14
18
13
14
16
16
13
15
13
15
14
15
14
16
15
13
13
14
14
13
15
15
15
14
16
14
14
13
14
15
14
12
14
16
16
13
15
15
15
13
14
13
15
13
14
13
14
14
13
16
12
15
13
16
17
13
15
13
15
14
14
14
14
14
13
12
13
15
14
14
17
14
14
16
15
16
13
15
12
14
16
14
13
16
12
12
16
15
15
15
14
14
12
13
14
13
14
20
16
15
15
15
14
16
15
14
12
15
13
13
13
14
15
13
13
13
13
14
12
13
16
15
14
13
14
13
14
16
12
15
