1000
985
999
1014
1009
1014
1031
1004
1026
1015
1000
1002
1002
1022
992
976
997
1027
998
991
1017
997
999
990
979
1030
1045
1018
1004
1014
998
985
999
1033
1010
990
1040
1038
1072
1026
1040
998
993
1020
995
1005
997
998
1068
1006
1036
989
1007
993
1013
1019
993
997
1000
1022
1009
988
1003
986
1013
1079
1012
1001
1001
1002
1019
1009
989
1056
1035
1003
1004
983
994
993
1018
987
998
1000
1022
994
1038
981
1007
980
1006
1006
991
985
1007
991
1003
1026
1034
1001
988
1001
1021
1011
983
1000
1034
1006
1013
995
985
1015
1015
1037
1013
1063
995
1000
1006
1003
1003
1028
998
1018
1009
1002
995
1013
994
1020
1006
1007
999
1017
995
1011
1009
1003
1011
996
998
1033
996
1009
997
992
1011
996
993
992
990
1027
1001
1027
1004
996
983
1047
999
995
1036
1020
988
1006
998
1012
998
1048
1015
994
992
1005
995
1004
984
982
1010
1013
1048
1070
997
993
1036
1013
1020
1025
999
1044
998
1016
1033
1014
1039
989
998
1003
1014
1004
997
1020
