24
26
23
22
28
24
23
32
24
38
21
27
26
23
26
22
21
26
26
30
24
24
24
20
30
26
30
23
25
23
34
29
25
21
30
31
21
22
25
22
37
26
23
24
28
29
24
30
24
29
27
29
23
27
32
33
26
33
30
25
29
25
28
36
26
21
22
33
34
31
25
26
24
33
19
18
23
25
27
19
21
28
31
22
36
36
28
21
30
20
29
27
21
30
24
26
29
28
23
22
22
19
28
29
24
21
28
24
36
23
27
25
31
22
29
27
30
28
35
25
23
21
21
22
31
25
27
22
27
27
24
23
24
25
24
26
25
25
25
24
26
30
21
27
28
24
25
23
29
24
23
21
21
21
22
28
22
50
29
25
27
30
23
26
26
28
22
26
24
33
24
36
28
20
22
25
19
27
30
21
23
28
19
25
23
21
26
26
24
19
24
31
29
23
32
38
20
27
27
23
28
26
38
22
18
20
29
23
23
26
34
26
25
31
25
24
21
30
33
24
32
29
25
26
21
29
30
29
32
21
24
35
23
24
20
30
25
26
29
30
31
21
39
29
27
24
20
24
24
23
23
31
25
21
22
31
26
22
26
20
29
20
29
18
32
31
27
29
22
19
32
24
38
31
23
26
23
16
21
20
26
38
27
34
28
23
34
26
24
34
22
25
25
32
29
25
28
19
28
27
20
27
22
25
26
24
28
24
24
21
37
25
21
27
35
17
30
24
24
26
22
22
25
27
24
26
22
25
26
22
21
27
21
27
35
28
23
38
30
23
21
43
25
28
24
22
19
27
26
20
25
22
22
28
26
19
23
21
19
29
20
29
27
23
20
34
18
18
25
26
26
28
20
24
28
21
34
40
31
28
22
32
27
31
21
22
24
34
20
26
23
25
29
25
29
23
23
27
29
32
33
22
25
29
23
25
27
27
21
24
25
27
31
31
24
22
30
24
32
26
22
20
23
28
27
19
25
23
28
19
20
25
20
21
23
27
26
27
21
26
25
26
24
25
25
28
29
30
25
26
20
26
26
23
42
30
29
28
17
18
37
23
24
21
38
28
24
37
22
24
22
26
21
21
24
22
39
32
23
24
24
25
20
31
20
28
22
25
25
26
20
22
28
30
27
23
26
40
20
23
20
24
21
30
22
29
29
26
24
24
35
29
20
34
27
28
30
26
24
30
22
24
30
19
24
29
21
17
22
33
28
20
28
19
22
21
24
26
28
21
25
26
23
23
24
27
21
29
28
24
31
35
23
27
25
24
26
32
26
24
23
33
28
30
25
25
26
25
29
22
32
28
30
20
26
26
27
22
24
16
33
25
35
25
24
36
25
25
45
23
25
19
26
25
24
30
26
21
30
29
28
22
28
25
31
21
22
27
26
23
33
29
28
26
23
27
23
28
30
35
32
22
32
19
29
35
27
27
26
26
24
17
23
22
22
25
24
26
19
27
28
21
25
19
22
27
27
28
20
34
38
26
20
35
31
22
22
26
33
22
21
24
19
24
30
27
19
29
22
25
24
26
23
36
27
26
26
25
29
28
18
23
26
27
44
24
31
25
22
25
26
23
41
21
22
29
19
29
25
23
23
25
21
20
27
22
27
30
20
24
31
25
27
28
21
28
21
28
25
25
18
28
24
28
28
29
29
27
27
25
25
30
23
22
29
21
21
22
43
25
25
21
30
26
29
29
25
28
28
25
24
24
21
23
23
29
24
27
24
26
27
23
15
28
26
29
25
27
19
26
30
24
17
28
31
22
33
30
28
26
32
19
40
24
34
19
31
25
22
31
25
27
23
35
24
24
23
28
20
26
22
27
29
26
27
24
33
31
23
24
21
35
23
25
20
25
31
18
24
23
22
21
28
24
30
31
36
28
22
27
26
25
28
28
25
27
31
21
18
22
27
32
25
28
26
27
23
22
26
22
23
26
22
32
23
27
30
22
20
35
28
24
25
28
19
25
27
29
27
30
29
18
23
27
36
29
29
28
33
20
29
17
29
20
26
32
29
25
24
24
22
26
28
22
26
23
24
21
23
28
23
31
25
26
25
22
29
31
22
28
28
29
24
30
21
25
23
29
22
25
24
21
28
27
30
22
27
17
25
27
19
23
30
32
19
25
31
24
20
27
38
28
28
37
22
27
28
24
29
24
20
25
28
31
20
22
16
25
38
23
24
21
28
21
25
27
30
24
32
23
33
26
29
27
31
36
29
20
30
27
23
23
22
27
25
24
23
24
30
24
26
23
30
24
28
26
19
25
25
37
24
20
29
20
30
23
35
20
18
33
28
27
24
28
30
31
20
30
24
28
27
24
25
25
18
34
23
26
35
21
21
22
33
24
22
25
30
24
27
31
27
21
22
31
27
25
20
23
23
32
23
31
25
30
26
22
28
22
27
25
35
27
29
23
20
26
25
29
25
21
29
25
37
28
24
20
26
34
21
20
23
20
22
16
22
27
31
22
35
32
27
32
20
20
26
28
27
28
26
28
33
22
24
36
20
27
31
21
24
16
27
35
28
28
35
33
30
27
25
24
24
26
24
29
24
24
27
23
25
24
28
23
20
27
26
26
28
25
22
20
25
30
25
24
22
22
24
34
30
25
21
20
19
33
21
29
26
27
25
32
30
32
30
23
29
28
29
29
31
26
32
24
17
27
22
26
30
36
28
22
30
23
18
26
24
25
24
25
27
25
28
22
26
20
20
32
23
32
22
33
25
24
28
37
35
21
35
34
35
26
23
24
21
23
26
26
30
27
23
27
22
25
32
25
25
30
28
21
28
25
24
28
27
28
31
24
26
31
19
20
26
27
27
23
24
31
27
26
40
22
30
24
21
27
21
25
35
28
27
23
26
26
29
32
32
26
25
24
25
23
24
26
25
37
29
25
28
20
22
29
26
25
24
20
29
28
28
28
20
22
28
24
23
28
25
21
27
25
20
25
23
24
20
24
24
24
22
27
29
36
22
26
22
23
24
20
24
23
25
24
19
36
22
31
26
27
25
32
24
38
28
25
23
37
24
29
31
29
24
27
20
21
26
31
25
26
24
32
21
34
21
23
23
25
29
34
25
23
31
27
22
27
22
23
25
22
28
20
29
28
21
27
25
26
22
24
23
24
35
