989
971
1001
987
1004
1016
1009
1007
993
1004
995
1003
1005
986
1015
1030
992
996
1011
1029
989
1018
995
1033
1032
1020
992
1029
1005
1029
1058
1001
1007
1000
1060
1016
1014
1004
1020
1038
1010
1019
1001
1042
1000
1006
1020
1024
1009
1009
1011
1000
1018
1002
1003
999
1087
1016
1043
1005
1020
1018
978
1022
1031
1038
1015
1019
1031
1019
1006
1007
1012
1011
1009
1013
1004
1024
1028
1009
1003
1037
1010
1016
1002
998
1000
995
1015
1010
999
1001
993
976
1047
1012
1007
1022
1018
996
984
987
1005
994
1017
1004
1008
997
1004
1030
1047
1003
1023
1034
996
991
1010
1034
1013
991
1021
1002
1004
1003
999
1011
1008
1007
1018
1002
1004
1001
975
999
1021
996
1028
994
984
989
1016
1027
999
1028
1001
1016
1017
995
995
1023
971
1008
1000
1029
1013
1030
1022
989
1007
1021
1016
1015
1031
987
1036
1014
995
1046
1039
1001
999
1010
1004
988
1040
1027
995
987
1022
987
1009
994
1002
1002
975
995
995
1001
1010
1019
994
1028
1016
1002
989
1004
1002
1008
1054
1017
