546
515
521
525
545
535
515
513
522
511
528
537
525
518
534
524
524
540
525
524
534
528
528
526
513
543
532
532
542
518
518
535
528
515
563
522
523
512
548
521
538
556
519
528
524
528
517
549
554
539
519
532
555
515
520
546
536
519
531
530
522
531
556
529
522
524
539
528
522
538
541
512
543
531
566
565
523
534
518
518
530
548
521
540
532
539
525
528
544
513
528
520
536
507
529
514
543
546
533
528
517
528
518
533
532
546
523
517
519
532
528
512
511
513
535
531
522
537
543
533
516
536
546
521
528
534
518
529
547
531
537
531
514
521
509
546
532
516
515
511
521
554
530
525
524
521
554
516
539
526
524
552
533
539
530
539
514
519
521
533
524
541
506
518
540
512
526
517
545
521
532
542
517
516
546
514
545
531
525
527
538
545
529
557
527
530
527
512
540
532
517
527
527
543
548
528
520
528
551
522
