21
19
18
21
20
23
23
18
21
18
19
26
21
20
19
22
21
21
20
22
21
23
24
19
17
23
19
19
18
19
20
21
21
19
20
20
18
18
20
19
18
19
20
18
19
18
19
22
18
20
23
22
17
19
21
25
19
23
21
23
21
20
21
19
21
18
18
25
19
19
17
22
18
19
22
19
17
19
22
27
20
17
20
18
22
20
18
20
20
19
19
18
22
21
20
21
19
20
21
19
18
20
17
18
19
24
18
22
19
17
18
21
20
19
19
18
20
20
21
21
18
18
18
20
18
18
22
21
19
18
19
19
19
21
22
19
18
20
20
21
18
19
22
18
19
17
21
18
21
20
21
22
20
18
18
17
18
20
18
18
20
25
21
22
20
23
19
22
21
22
20
16
23
22
18
21
16
19
18
19
17
19
21
24
18
22
20
18
20
21
16
21
21
18
21
19
21
21
18
19
