63
70
70
64
65
66
65
67
66
64
64
65
67
70
67
67
62
63
63
66
73
65
76
70
66
72
72
64
71
66
67
64
70
66
69
73
65
70
75
76
70
68
68
77
66
75
61
66
64
64
62
68
68
64
64
72
68
64
62
68
64
72
73
67
72
69
70
64
68
63
67
63
64
62
60
71
69
69
72
66
70
65
68
73
70
69
68
67
73
65
73
64
65
69
72
64
79
61
67
64
64
72
75
69
66
64
64
67
66
62
72
67
67
63
72
67
68
77
66
73
66
75
68
77
64
62
68
64
62
68
62
67
68
72
65
64
69
66
63
71
70
61
66
63
63
67
71
66
69
62
71
69
67
60
66
66
66
70
64
62
78
65
65
66
73
63
74
69
65
69
63
67
65
64
67
68
69
68
69
68
79
69
65
75
68
59
69
67
66
70
71
63
65
70
69
71
67
71
78
73
