40
41
40
40
35
44
45
38
42
39
43
43
43
43
38
35
39
37
39
38
41
40
41
36
45
37
50
34
40
35
38
37
43
52
48
39
39
41
40
37
39
42
39
39
43
39
38
39
38
44
43
42
41
39
40
39
39
36
46
42
38
39
43
36
41
43
36
39
46
37
38
42
43
51
41
43
44
41
42
36
41
39
42
42
46
34
40
39
38
38
45
38
40
46
44
43
40
41
40
43
39
43
42
38
46
45
39
58
40
38
42
37
43
46
40
45
38
40
43
38
36
40
44
37
36
40
41
42
38
39
40
38
39
47
38
46
44
42
41
46
39
37
44
41
38
41
38
41
38
43
40
37
37
38
42
45
35
37
36
40
40
42
38
41
49
40
44
35
43
39
42
36
37
43
41
48
39
36
39
38
39
38
39
44
37
35
39
37
39
39
40
42
41
41
44
41
42
37
40
38
