58
62
53
57
60
58
62
63
60
63
56
65
66
58
60
56
64
63
57
58
61
60
69
59
55
69
55
59
56
64
58
59
66
54
60
70
63
61
59
62
60
57
56
59
61
63
61
58
64
64
61
56
56
58
56
60
58
54
58
59
76
56
65
54
64
65
61
63
72
61
64
63
61
61
61
58
59
57
61
62
61
62
59
61
60
58
55
63
65
59
63
59
58
60
62
59
57
62
59
58
66
63
57
66
57
57
57
67
57
64
60
57
59
65
63
58
58
53
57
62
56
61
53
68
67
62
62
61
56
63
58
58
58
57
56
56
69
63
56
57
59
59
60
59
58
60
58
61
59
59
65
62
70
62
59
57
61
60
55
66
57
61
63
63
61
62
60
62
60
64
59
59
60
61
68
57
67
61
56
60
59
57
62
58
60
68
60
59
63
69
64
62
63
66
53
67
65
63
59
61
