14
17
12
16
14
16
13
14
13
14
15
19
18
15
12
15
13
16
15
16
14
14
14
15
13
14
14
13
14
16
13
13
15
13
15
14
13
14
13
16
13
13
15
15
13
16
14
13
14
15
14
13
14
15
14
15
12
15
14
14
15
14
13
15
15
15
13
14
17
15
13
14
14
16
14
16
18
14
16
14
13
15
14
16
15
14
16
13
16
14
14
17
14
14
12
16
15
15
14
15
14
16
13
17
14
15
15
15
14
14
14
12
14
15
13
14
13
12
15
14
14
14
16
16
12
15
14
15
15
14
15
15
16
13
13
16
12
14
16
15
14
15
13
15
13
16
13
18
15
16
15
13
15
12
13
15
14
13
15
13
16
15
14
14
16
17
14
14
14
13
14
14
14
13
15
14
16
15
13
16
14
13
15
13
14
14
14
15
14
13
14
14
14
13
15
15
14
13
14
15
