19
20
21
20
18
20
20
19
20
18
20
20
22
25
25
19
19
22
19
20
18
17
18
21
20
17
20
18
20
18
23
19
22
17
20
21
23
19
20
18
22
18
17
22
19
20
23
19
19
25
20
18
19
22
21
17
17
22
20
18
20
16
18
21
17
20
20
22
18
21
22
20
21
18
19
23
18
24
18
19
18
24
20
22
20
19
18
18
21
20
17
22
19
18
20
19
21
20
19
20
20
19
18
20
20
19
22
18
20
18
18
22
20
18
22
21
22
19
19
19
19
21
22
19
22
21
20
20
20
19
21
19
23
20
18
20
17
22
22
18
18
21
18
20
19
19
18
23
20
20
24
19
19
19
19
18
21
17
19
18
19
18
21
19
21
18
22
20
20
23
19
21
18
20
22
20
18
20
20
21
20
22
22
21
23
21
19
20
21
22
18
17
20
20
24
20
20
18
20
20
