110
94
98
95
103
101
103
100
102
104
102
98
99
107
98
98
114
113
100
101
94
95
94
107
104
98
96
110
111
107
106
104
102
104
103
107
95
96
97
99
98
106
108
96
102
104
106
103
104
104
101
97
97
105
95
111
96
101
102
101
97
121
100
108
103
96
100
105
109
93
109
98
105
109
99
103
102
101
96
94
101
103
108
102
109
93
98
96
97
96
94
91
118
103
100
100
97
94
101
100
102
99
98
101
97
99
99
97
105
94
107
91
98
97
95
94
107
89
102
101
100
105
97
98
111
98
106
100
97
106
103
96
101
99
114
95
104
93
93
102
100
101
103
99
100
100
97
109
98
103
108
100
99
100
101
105
101
99
108
118
104
117
109
101
98
96
114
97
96
105
100
99
97
102
104
104
96
106
107
97
97
102
102
99
95
101
99
105
104
98
112
105
97
100
100
100
102
97
99
96
