490
493
505
477
493
515
504
486
484
507
498
483
519
497
490
516
477
498
493
502
477
499
491
490
504
493
490
531
488
497
525
489
490
498
486
498
496
502
512
489
497
499
489
487
492
492
507
501
499
504
479
503
482
487
489
478
506
500
503
510
487
475
493
498
512
486
490
509
491
512
489
484
493
488
485
503
489
489
479
492
485
501
499
503
488
494
485
503
542
486
509
489
491
501
494
502
495
510
480
502
486
485
486
502
515
511
481
497
489
495
531
511
490
505
488
487
504
482
510
488
498
490
491
505
500
490
488
509
487
501
493
486
497
493
498
502
485
501
484
485
490
480
483
498
489
493
476
535
501
508
493
512
498
507
496
481
504
477
485
504
496
489
509
484
484
493
502
519
493
499
517
493
500
503
478
508
504
502
483
477
492
492
483
495
504
495
500
484
504
499
513
502
541
520
508
518
497
511
513
499
