137
113
114
122
114
121
129
112
108
142
117
141
117
129
131
113
112
137
126
144
131
142
110
125
108
119
142
125
127
125
126
136
103
130
127
116
127
133
134
117
119
116
132
138
113
113
127
118
126
121
124
123
125
134
145
157
110
123
133
134
120
126
128
116
119
129
110
123
120
131
121
134
135
118
141
114
128
127
119
123
123
126
126
136
109
122
121
124
125
120
123
118
112
119
111
139
119
138
130
123
138
139
114
122
142
115
153
117
134
126
112
134
138
117
136
113
115
117
127
127
115
127
118
119
117
126
136
120
134
133
122
139
126
121
127
136
117
112
114
138
133
126
124
132
122
115
135
107
120
126
121
119
127
120
120
132
122
128
133
115
126
131
119
129
135
131
126
126
137
116
128
140
133
116
114
107
123
127
127
120
145
109
125
105
120
123
136
120
120
128
131
117
128
118
126
125
110
119
117
115
