13
13
13
13
16
12
12
14
14
14
13
12
12
14
13
14
12
13
12
13
14
13
15
13
15
13
15
13
13
13
13
12
11
12
12
12
11
15
12
13
16
12
15
14
14
12
12
13
12
13
15
14
12
12
14
12
13
14
13
12
14
13
13
13
13
12
14
15
13
15
13
14
12
11
13
13
12
15
13
13
13
13
13
13
12
14
12
12
13
15
14
15
13
15
13
11
12
16
12
14
14
16
13
13
11
11
13
13
14
14
13
12
12
11
14
13
12
12
11
14
13
14
14
13
13
16
13
15
14
12
11
13
12
12
14
12
13
14
13
15
13
14
14
12
13
12
15
14
12
12
13
15
14
12
12
13
12
14
12
12
13
13
12
12
13
12
12
13
12
14
13
14
15
15
13
13
12
12
13
12
15
14
14
13
14
14
15
13
11
14
12
12
13
13
11
12
13
13
12
14
