112
115
108
113
114
117
117
111
125
118
114
115
119
110
110
111
114
119
113
116
118
111
115
107
111
132
120
115
111
109
114
114
121
107
110
112
124
117
110
111
110
116
108
113
117
108
106
116
114
130
116
109
112
110
112
119
111
120
115
130
110
114
114
118
111
116
117
107
133
123
123
118
116
112
110
110
112
115
114
109
115
110
127
111
116
109
109
118
110
111
121
105
114
113
109
115
121
108
111
112
107
110
116
108
107
113
115
112
112
116
116
119
111
111
128
116
119
117
110
121
117
119
114
114
110
110
117
112
115
109
119
108
111
113
114
124
112
116
111
111
108
109
120
109
111
115
118
116
120
112
111
124
108
113
117
115
113
111
103
117
112
109
116
113
115
109
120
122
113
116
117
116
118
121
108
115
108
108
109
114
127
104
105
114
103
118
126
132
106
113
111
120
121
111
114
107
113
122
109
122
