4982
4971
4970
5013
4968
5012
5025
5202
5002
5015
5048
5072
4984
5083
5012
5016
5013
5045
5030
5004
5050
5032
5041
4978
5069
5045
5092
4958
4985
5041
4998
4997
4972
5049
5106
4990
5073
5012
5057
4993
4977
5017
5031
4980
5031
5009
5010
4976
5014
4949
4995
5037
5058
5065
4968
4999
4991
5019
5058
5103
5052
5057
5055
5097
4993
4979
4971
5001
5038
4996
5059
4990
4968
5038
5073
4978
5038
5072
5047
5098
4997
5044
4995
5048
4985
5009
5012
5070
4982
4979
5049
5034
5037
5086
5022
5036
4978
5047
4954
4947
5024
4984
5104
5055
5028
5031
4995
5018
5015
5024
4951
5054
5001
5036
5007
5059
5057
5012
5004
5047
5047
5063
5005
5101
5010
5021
4984
5004
4982
5036
4974
5082
4987
5012
5004
5108
4989
5067
5129
4986
5008
5006
5054
5025
5009
5045
5037
4955
4992
5048
4960
5099
5020
4983
4979
5046
5037
4979
4998
5023
5019
5013
4999
5084
4987
5008
4977
4988
5031
5015
4965
5022
5041
5029
4953
4955
4985
4986
5009
5123
4993
5034
4973
5033
4962
4976
4975
4954
4994
5016
5177
4970
5033
4966
5138
5050
4963
4979
5001
5002
