399
396
380
390
374
368
408
338
408
406
441
386
349
383
380
378
357
363
365
383
392
400
411
389
389
408
364
400
380
333
416
377
374
387
373
431
424
370
348
406
358
376
449
356
416
388
346
375
475
370
399
406
447
393
401
393
361
405
375
389
359
357
427
400
361
393
368
400
356
388
459
430
427
367
390
423
438
423
450
373
384
352
372
409
357
370
354
389
351
362
393
407
431
390
378
342
402
428
359
412
431
400
387
369
428
397
373
359
395
544
429
372
335
384
469
391
432
422
332
405
361
356
377
434
489
399
397
383
384
375
483
371
392
398
352
380
375
361
414
425
351
375
330
383
408
367
391
538
338
390
368
347
354
393
366
377
418
368
391
349
375
379
400
396
395
389
372
379
381
357
369
415
372
357
397
452
409
379
353
364
427
454
381
432
379
365
370
333
377
389
372
405
362
353
353
365
417
363
375
448
