9316.06, 7662.99, 11627.6, 9214.13, 8453.23, 9229.85, 9404.01, 9371.79, 9572.82, 11708.2, 16922.2, 28509.1 
14856.7, 8376.59, 10352, 8191.99, 9843.77, 9332.44, 9903.27, 9611.44, 9840.55, 11678.8, 16941.4, 28481.6 
11026.4, 8255.36, 9978.54, 8962.72, 8973.52, 9211.56, 9689.81, 9422.21, 9634.33, 11651, 17009.3, 28492.5 
10815.2, 10244.2, 9846.89, 8993.58, 8990.48, 9053.4, 9619.06, 9633.96, 9675.66, 11629.7, 16938.8, 28470.2 
10856.8, 9236.75, 12384.2, 9209.38, 10600.2, 9509.21, 9570.12, 9167.93, 9879.91, 11529.7, 16931.5, 28495.2 
5899.2, 7751.89, 10269.8, 7768.41, 9001.86, 9366.52, 9982.15, 9708.65, 9799.29, 11629, 16928.2, 28526.3 
5691.06, 7515.24, 10461.8, 10459.3, 8469.89, 9263.87, 9241.65, 9174.99, 9628.02, 11697.2, 16936.9, 28468.7 
7331.86, 11896, 10106.2, 8037.34, 9621.85, 10258.6, 9809.96, 9472.52, 9757.07, 11646.1, 17069.8, 28455.4 
9409.22, 8264.11, 10135.8, 9019.3, 9227.97, 8881.44, 9777.48, 9449.22, 9821.23, 11669.8, 16996, 28493 
13378, 8822.12, 10055, 11537.3, 9560.9, 9281.86, 9785.68, 9476.73, 9784.2, 11713.1, 16999.2, 28423.5 
10493.6, 7901.16, 8279.85, 9167.93, 8495.58, 9734.34, 9267.55, 9288.75, 9784.15, 11653.2, 16974.8, 28478.4 
9362.41, 8885.81, 7309.91, 9864.57, 9541.11, 9702.44, 9397.16, 9197.38, 9660.58, 11671.2, 16919, 28453.8 
11664.3, 10459.5, 8343.38, 8846.06, 8578.09, 9108.39, 9728.66, 9509.42, 9818.68, 11690.8, 16935.6, 28465.6 
10773.9, 8486.01, 8788.36, 8900.4, 9344.25, 9883.89, 9335.88, 9525.53, 9763.04, 11644.7, 16954.7, 28482.8 
4673.45, 9759, 9022.51, 8884.55, 10625.7, 9438.78, 9979.99, 9472.05, 9727.03, 11620.5, 17008.4, 28530.3 
13068.4, 8126.28, 8526.91, 9917.05, 10313.2, 9867.71, 9666.67, 9827.65, 9832.1, 11696.5, 16966.3, 28456.5 
8989.7, 10105.8, 8079.84, 10119.3, 9529.94, 9687.88, 9377.47, 9216.76, 9596.55, 11700.3, 16950.3, 28472.7 
12407.8, 7986.15, 9135.93, 8947.27, 9556.37, 9966.25, 8950.92, 9426.15, 9680.08, 11793.8, 16967.2, 28458.5 
19739.6, 7793.22, 10697, 9247.85, 8941.49, 9568.79, 10214.4, 9516.35, 9832.57, 11608, 16981, 28514.4 
8989.7, 8710.41, 9373.56, 9737, 9467.63, 9146.49, 9297.04, 9355.77, 9664.07, 11597.3, 17018, 28480 
18693.8, 10122.2, 9964.18, 8959.12, 10143.7, 9393.98, 9839.97, 9213.67, 9646.05, 11630.6, 16970.7, 28470 
7797.7, 8598.32, 10451.4, 9813.14, 9788.67, 10355.7, 9422.28, 9379.64, 9725.08, 11718.1, 16946, 28468.5 
4866.84, 10199.5, 10477.9, 8861.99, 9942.75, 9146.61, 9968.32, 9821.88, 9946.87, 11642.3, 17018.8, 28476.5 
5893.04, 11405.7, 9101.03, 9947.73, 10017.6, 10111.4, 9611.56, 9558.19, 9799.26, 11746.9, 16958.2, 28468.9 
6785.5, 9221.27, 11174.3, 8582.53, 9270.79, 9132.18, 10023.4, 9418.26, 9881.56, 11662.4, 17043.8, 28480 
11157.2, 10944.1, 8940.28, 9507.97, 9272.04, 8850.84, 9203.17, 9361.37, 9609.1, 11595.3, 16982.2, 28483.8 
6197.07, 8535.56, 9882.68, 10932.9, 11115.7, 9092.03, 10074.5, 9522.35, 9720.72, 11659, 16937, 28488.5 
10190.5, 8443.12, 8751.18, 8307.54, 8291.83, 9289.76, 9590.39, 9521.03, 9858.14, 11768.9, 16957.9, 28467.8 
6474.24, 6758.89, 9861.18, 9999.41, 8660.99, 9019.22, 9470, 9477.4, 9726.1, 11677.5, 16972.9, 28478 
4899.57, 8339.25, 10262.6, 8457.11, 9391.33, 9461.84, 9153.64, 9709.67, 9916.07, 11672.5, 16966.7, 28426.1 
7862.86, 6834.44, 9444.26, 8926.27, 9488.67, 9673.57, 9252.6, 9632.71, 9589.53, 11656.5, 16996.3, 28422.3 
7004.38, 8765.91, 9623.82, 7464.15, 9087.39, 9022.42, 9652.02, 9203.71, 9836.82, 11647.8, 16957.8, 28497.8 
7701.96, 9744.77, 9114.98, 8623.58, 10258.8, 10038, 9411.47, 9556.02, 9746.52, 11621.4, 16975.7, 28448.1 
6519.09, 8278.74, 9079.32, 9492.46, 10218.1, 9844.39, 9296.12, 9574.92, 9802.76, 11717.9, 17019.6, 28458.4 
8632.31, 8646, 8726.88, 8540.25, 9793.78, 9126.3, 8981.26, 9376.68, 9739.43, 11644, 16939, 28482 
8394.84, 10450.2, 7756.8, 9072.2, 9928.54, 9027.54, 9101.28, 9613.4, 9695.5, 11677.5, 16969.1, 28486 
10302, 8899.33, 9774.07, 10674.9, 9184.26, 9065.63, 9350.98, 9221.43, 9736.61, 11705.1, 16942.6, 28459 
14008.8, 9029.9, 8990.96, 9369.7, 8915.86, 9232.38, 9089.49, 9613.67, 9645.24, 11635.8, 16948.1, 28499.4 
7019.62, 9064.68, 10442.8, 10265.7, 10510.5, 9497.38, 9457.46, 9716.25, 9641.23, 11628.4, 16965, 28491.1 
12740.3, 6818.5, 9711.73, 9559.45, 8919.46, 9294.03, 9190.11, 9763.88, 9820.16, 11718.3, 16949.2, 28465 
9105.7, 10553.9, 9945.69, 9205.62, 10113.3, 9297.19, 9627.6, 9589.99, 9789.16, 11652.7, 16980.2, 28502 
11201.4, 9843.2, 9588.91, 9777.66, 8347.2, 9680.99, 9650.17, 9563.82, 9828.34, 11597.4, 17042.7, 28491.7 
12380.6, 13503.1, 9554.25, 10656.2, 9861.01, 9475.16, 9603.16, 9550.85, 9594.31, 11689, 16985.1, 28479.3 
10727.9, 8437.03, 9522.7, 7824.72, 9119.32, 9461.8, 9442.21, 9457.69, 9745.87, 11673.3, 16942.2, 28495.8 
8326.75, 7749.32, 9188.91, 9313.8, 8106.7, 8475.52, 9252.11, 9555.84, 9610.95, 11709, 16962.1, 28467.4 
7128.2, 8406.7, 8158.47, 9637.18, 10025, 9298.14, 9248.09, 9431.89, 9677.42, 11723.1, 17025.3, 28453.1 
8158.28, 7668.01, 10582.2, 7825.4, 8831.12, 9916.09, 9487.3, 9344.85, 9831.61, 11683.7, 16953.1, 28471.3 
9279.69, 9585.02, 9834.68, 10935.4, 10214, 9233.38, 9385.84, 9448.77, 9731.48, 11772.9, 16920.4, 28458.8 
6031.55, 10611.4, 10675.4, 9821.65, 9685.16, 9041, 9564.25, 9456.63, 9864.48, 11685.7, 16973.8, 28500.4 
8658.79, 7703.37, 8785.93, 9868.62, 9210.15, 9060.71, 9494.51, 9392.22, 9766.87, 11546, 16924, 28490.1 
6186.89, 7019.04, 9598.58, 9072.2, 8730.06, 9385.55, 9523.12, 9371.05, 9583.22, 11632.4, 16999.6, 28482.4 
8202.74, 9157.18, 8556.05, 10375.2, 8640.76, 9682.37, 9491.65, 9135.66, 9785.69, 11688.7, 16925.9, 28472.3 
8752.76, 9884.8, 9552.34, 10196.8, 9589.79, 9756.6, 9158.51, 9327.97, 9826.51, 11668, 16963.7, 28478.1 
10081.3, 9977.58, 8733.51, 9309.96, 9762.06, 9174.19, 9501.9, 9806.13, 9620.58, 11689.1, 16854.8, 28493.9 
11004.9, 9453.29, 8037.02, 10103.9, 10287.6, 9369.04, 9905.18, 9403.69, 9905.03, 11746.1, 16924.8, 28483.4 
7647.18, 7901.16, 7769.14, 8990.53, 9701.09, 8985.43, 9450.54, 9197.93, 9730.49, 11614.5, 16970.4, 28488.4 
6851.38, 10459.5, 9455.52, 9070.48, 10800.2, 8727.03, 9255.42, 9661.79, 9719.23, 11609.8, 16963.7, 28499.4 
12063.1, 7921.9, 9192.24, 10687.4, 8994.67, 9650.15, 9131.63, 9466.42, 9764.28, 11608.7, 16990.3, 28477.4 
14740.3, 9522.57, 10332.3, 8369.1, 8865.12, 9870.73, 9550.61, 9334.42, 9456.86, 11736.1, 16960, 28506.2 
9277.79, 10186.2, 9631.62, 7404.13, 10438.8, 9573.79, 9292.75, 9825.68, 9669.93, 11702.5, 17006.4, 28483 
11113.3, 10506.5, 9202.24, 9253.2, 9108.49, 11069.8, 9322.98, 9712.46, 9643.11, 11727.7, 16983.2, 28512.1 
8918.69, 7491.17, 8717.51, 9662.76, 9771.61, 8662.27, 9283.82, 9386.2, 9698.17, 11590.4, 16962.3, 28517.7 
10190.5, 11419.6, 8023.64, 10327.2, 9719.58, 9024.4, 9435.49, 9184.27, 10022.1, 11710.1, 16946, 28451.3 
7218.77, 6604.76, 10977.1, 7382.21, 8739.35, 10336.4, 9850.9, 9339.47, 9954.11, 11650.1, 16982.9, 28485.5 
10135.6, 9491.66, 8975.7, 9334.97, 9115.87, 9370, 9538.59, 9181.1, 9690.85, 11690.5, 16911.2, 28442 
12490.1, 8412.37, 9074.99, 8836.3, 10048.3, 8806.48, 9265.83, 9261.74, 9803.75, 11608.8, 16936, 28475.7 
11761.5, 9385.01, 8579, 9778.16, 8649.43, 9527.59, 9805.13, 9742.2, 9676.15, 11684.9, 16979, 28503.3 
8476.78, 9169.75, 9174.74, 10904.5, 8184.82, 9707.27, 9163.8, 9643.19, 9871.28, 11634.1, 16982, 28462.7 
9904.44, 11944.2, 7923.1, 8030.95, 10171.2, 8910.48, 9262.87, 9346.62, 9523.74, 11516.4, 17007.7, 28469.4 
10377.8, 9075.45, 8669.86, 9501.38, 9303.05, 9431.41, 9724.08, 9313.87, 9747.05, 11743.8, 16939.1, 28479.6 
7389.44, 9449.47, 7295.34, 10023.2, 9443.59, 9733.13, 9619.54, 9339.08, 9807.13, 11713.6, 17073.6, 28452.1 
5325.97, 10928.7, 7893.2, 8435.19, 9090.09, 9240.88, 8855.08, 9495.61, 9741.63, 11590.4, 16970.4, 28503.7 
9032.85, 7983.42, 8681.72, 9275.11, 10952.3, 9566.15, 9745.09, 9248.45, 9772.79, 11715.9, 16990.1, 28437.3 
10454.7, 10054.8, 11027.7, 9448.08, 9048.87, 10429.7, 9403.21, 9135.1, 9522.36, 11504.1, 16924.2, 28479.8 
5948.93, 8618.92, 12540.1, 10802.7, 10046.8, 9514.04, 9543.18, 9521.48, 9840.31, 11594.7, 17024, 28492.6 
7350.95, 9680.23, 9512.23, 9799.62, 9356.98, 9490.92, 8882.39, 9471.41, 9624.79, 11604.1, 16977.2, 28515.1 
9472.37, 11539.4, 8637.99, 9980.45, 9182.13, 9830.01, 9168.32, 9443.53, 9749.99, 11688.6, 16994.8, 28488.4 
10208.9, 9612.59, 9830.62, 10501.2, 9342.24, 9573.08, 9833.62, 9502.61, 9595.96, 11534.9, 16983.1, 28439.1 
6777.35, 8610.19, 9642.35, 10404.2, 9493.58, 9560.85, 9355.49, 9328.05, 9675.69, 11701.6, 16974.9, 28516.8 
5830.66, 11624, 8488.88, 8915.07, 8593.58, 9662.39, 9528.14, 9402.08, 9727.24, 11706.8, 17056.7, 28471.7 
5725.69, 8649.2, 10628.3, 9561.95, 9022.87, 9662.91, 9233.75, 9705.8, 9701.69, 11670.6, 17006.3, 28462 
11664.3, 9926.76, 8587.71, 9327.37, 9300.98, 9865.22, 9513.49, 9677.71, 9612.75, 11728.8, 17005.3, 28503.8 
5507.84, 9266.02, 8303.7, 10675.2, 8418.17, 9698.39, 9246.92, 9615.64, 9649.94, 11671.4, 16984.8, 28530.2 
8193.81, 13196.5, 6769.61, 9568.98, 8850.78, 9337.78, 9843.07, 9702.51, 9742.36, 11594.5, 16956.2, 28495.7 
9339.18, 9520.63, 7605.53, 9752.33, 10400, 8757.29, 9142.91, 9307.21, 9682.36, 11676.5, 16934.8, 28466 
8012.82, 7632.98, 12827.4, 8995.69, 9394.7, 9355.09, 8967.17, 9312.68, 9810.34, 11597.2, 16935.8, 28465.8 
10227.4, 8899.33, 7697.81, 9531.1, 9793.27, 9824.65, 9427.35, 9684.18, 9785.13, 11612.1, 16951.8, 28479.6 
19774.2, 8424.87, 11582.3, 8483.64, 9193.13, 8980.39, 9613.38, 9656.23, 9859.96, 11704.1, 16972.5, 28443.2 
11474.7, 9354.98, 9979.07, 9264.81, 9630.98, 9636.21, 9906.92, 9416.98, 9719.52, 11664.9, 16995, 28481 
10856.8, 10959.4, 8997.71, 8539.49, 9376.31, 9322.31, 9317.86, 9054.1, 9717.48, 11583.5, 17018.9, 28422.3 
5086.07, 9078.97, 10119.1, 8593.86, 9080.67, 9796.3, 9393.09, 9322.36, 9858.62, 11659.2, 16976.8, 28465.8 
9105.7, 7766.04, 10431.4, 10924.2, 9021.18, 9512.45, 9347.89, 9398.44, 9605.16, 11564.2, 16931.7, 28503.4 
8553.84, 7901.16, 8458.7, 8956.45, 9782.34, 10145.2, 9976.72, 9569.99, 9758.98, 11725.2, 16947.5, 28487.4 
9471.38, 13811.1, 10397.2, 10999, 9775.02, 9658.7, 9132.64, 9434.47, 9787.84, 11691.8, 16950.4, 28479.7 
8326.75, 8151.77, 7987.94, 8264.27, 8522.31, 9344.51, 9645.66, 9594.63, 9736.96, 11682.3, 17005.8, 28552.6 
8376.16, 10752.8, 10000.5, 9578.65, 9078, 9509.31, 8934.84, 9428.96, 9715.31, 11686.3, 16980.7, 28521.4 
9494.27, 11439.2, 9393.8, 9312.84, 9487.51, 9459.04, 10244.8, 9509.22, 9561.53, 11828.1, 16990.9, 28521.4 
7507.36, 7795.81, 8349.78, 9238.07, 10062.5, 9051.59, 9559.55, 8929.65, 9487.46, 11615.5, 16966, 28482.1 
8193.81, 11832.8, 9481.9, 9073.48, 9984.2, 9230.93, 9447.85, 9848.86, 9796.24, 11658.9, 16995.5, 28483.6 
7350.95, 7623.02, 9392.06, 8764.9, 9465.03, 9297.12, 9374.54, 9810.31, 9896.21, 11542.5, 16943.1, 28504.3 
8311.42, 9132.15, 9588.91, 11558.1, 9405.82, 9177.57, 9392.83, 9222.98, 9765.52, 11637.4, 16975.1, 28460.6 
10994.2, 8812.15, 9918.61, 8713.99, 10274.6, 9323.35, 9158.16, 9504.06, 9749.91, 11575.1, 16971, 28484.2 
6161.56, 7739.06, 10636.6, 8332.78, 10023.4, 9598.7, 9752.24, 9465.96, 9836.16, 11652.2, 16999.8, 28469.6 
12545.6, 7165.27, 8280.58, 8220.4, 9713.22, 10331.1, 9130.96, 9042.63, 9588.94, 11632.6, 16970.8, 28471.1 
10898.7, 8498.34, 8889.13, 10045.2, 10557.4, 8901.89, 9522.08, 9774.85, 9841.62, 11654.3, 17032.2, 28481.5 
5597.95, 10621, 8324.04, 8506.85, 9832.66, 9924, 9071.16, 9793.92, 9695.53, 11616.4, 16928.1, 28464.5 
8128.92, 10689, 8867.8, 9345.99, 10275.8, 9218.29, 9564.2, 9480.43, 9765.29, 11642.2, 17031.2, 28465.3 
12011.8, 12734.8, 8677.76, 9355.09, 9078.53, 9726.56, 9841.55, 9507.51, 9678.23, 11669.9, 17001.4, 28464.5 
11474.7, 7652.33, 9007.99, 7837.5, 9782.06, 8903.83, 9544.4, 9563.41, 9759.52, 11620, 17003.3, 28471.5 
8678.76, 14562.5, 10792.8, 9680.3, 9882.23, 9868.56, 9396.23, 9033.85, 9760.83, 11683.7, 16992.8, 28445 
6415.38, 11314.7, 11500.8, 8756.31, 9065.51, 9818.44, 9083.25, 9398.6, 9723.21, 11775.9, 16982.1, 28512 
9032.85, 13205.8, 8545.29, 10437.6, 9419.37, 9067.5, 9256.62, 9656.24, 9759.08, 11632.7, 16978.3, 28473.2 
11015.7, 8981.35, 8786.74, 9605.72, 8546.91, 9556.57, 9786.03, 9099.29, 9552.42, 11667.5, 16940, 28500 
9801.27, 8915.87, 8322.4, 9217.89, 9041.17, 9959.23, 9627.72, 9173.85, 9755.94, 11736.7, 17010.9, 28510.8 
9377.96, 9240.39, 9986.4, 9663.01, 8948.65, 9318.51, 9077.71, 9541.06, 9718.76, 11689, 16956.8, 28476.6 
11761.5, 7965.75, 8513.09, 10350.5, 9739.96, 10060.5, 9083.89, 9306.18, 9639.28, 11654.7, 17009.5, 28478 
7537.43, 7362.64, 10912.9, 10316.7, 10772.7, 9145.07, 9490.25, 9240.58, 9764.42, 11663.8, 17001.6, 28422.2 
11246.1, 10041.8, 9436.77, 10466.9, 8986.81, 8807.54, 9617.32, 9173.04, 9714.98, 11597.2, 16975.8, 28510.4 
16399.5, 11907.9, 9171.2, 9433.23, 8773.55, 8751.24, 8979.14, 9397.63, 9567.74, 11685.1, 16968.2, 28486.9 
7462.7, 10098.2, 12637.5, 9973.97, 9048.33, 9265.03, 9570.42, 9476.83, 9816.35, 11593.9, 16959.4, 28533.4 
9004.04, 9672.22, 9419.02, 7868.37, 9736.27, 9466.47, 9406.08, 9312.15, 9720.87, 11659.7, 16946.4, 28462.2 
6025.12, 10111.3, 8546.83, 10676.4, 8617.39, 9922.34, 9423.96, 9323.28, 9784.98, 11612.5, 16958.1, 28486.2 
6781.42, 10307.4, 8791.61, 8788.17, 9702.77, 9150.1, 9796.72, 9179.62, 9806.96, 11668.7, 16915.7, 28477.4 
7383.4, 9789.64, 8994.36, 10227.1, 9205.7, 9473.4, 9250.18, 9391.22, 9805.44, 11642.6, 16942.3, 28491.8 
6626.21, 9306.58, 9386.5, 10027.2, 10992, 9561.37, 9322.66, 9338.79, 9788.46, 11621.2, 17031.3, 28471.7 
7336.63, 9585.02, 9953.88, 8791.39, 9985.62, 9997.23, 9879.72, 9457.57, 9591.32, 11649.3, 16970.7, 28450 
10302.1, 8664.42, 7832.13, 8273.18, 8457.28, 10225.7, 9540.08, 9237.89, 9680.37, 11693.9, 16999.1, 28499.1 
10227.4, 7345.3, 8548.36, 9615.58, 9442.67, 9470.55, 9551, 9260.42, 9637.59, 11515.9, 16990, 28538.5 
8712.24, 9036.88, 8520.81, 9399.03, 9525.94, 9315.79, 9344.58, 9425.18, 9868.6, 11673.5, 16962.1, 28468.8 
13190.5, 8096.74, 9188.91, 9661.55, 10025.4, 9825.87, 9259.66, 9705.18, 9803.36, 11685, 16951.8, 28511.2 
8036.35, 9483.96, 7775.81, 10690.6, 9896.06, 9698.28, 9312.25, 8999.64, 9676.96, 11599.3, 16970.7, 28441.8 
11498, 8473.71, 8389.35, 8973.83, 8837.34, 9419.43, 9348.47, 9062.27, 9883.32, 11785.6, 17007.8, 28473.6 
7021.81, 10723.3, 7434.26, 9637.79, 9210.31, 9776.43, 9419.91, 9094.9, 9688.63, 11691, 16997.8, 28507.1 
7265.81, 8400.66, 9001.12, 9795.12, 9101.89, 9721.96, 9367.88, 9319.94, 9786.86, 11707.6, 16960.8, 28467.3 
9974.44, 5971.9, 9240.67, 8900.61, 9482.07, 9346.4, 9441.65, 9447.45, 9817.92, 11635.4, 17032.4, 28457 
9869.81, 7610.62, 8096.69, 9739.47, 8828.39, 9130.46, 9164.51, 9636.09, 9781.78, 11661, 16909, 28473.5 
5222.51, 8746.24, 12580.7, 8601.85, 8320.36, 9235.86, 9865.18, 9415.92, 9702.05, 11616.8, 16959, 28460.9 
9552.51, 8785.66, 5893.01, 9666.29, 9824.45, 8641.26, 9191.06, 9509.63, 9875.75, 11722.3, 17012.5, 28504.8 
6801.85, 8020.38, 10475.6, 10292.6, 9993.9, 10118.1, 9469.26, 9886.66, 9763.73, 11624.4, 16991.5, 28459 
10375.4, 11682, 9833.54, 9812.64, 8805.51, 9560, 9197.52, 9832.23, 9768.41, 11772.5, 17007.2, 28457 
8042.07, 12655.5, 9777.09, 8406.85, 9168.54, 9688.41, 9398.47, 9485.32, 9688.86, 11671.5, 16923.6, 28470.1 
11761.5, 9937.3, 9563.62, 9092.6, 9089.39, 9140.41, 9416.48, 9176.27, 9741.2, 11578.4, 16992.2, 28486.3 
9974.44, 8622.1, 7377.92, 9443.44, 9619.33, 9493.09, 9813.69, 9826.74, 9840.53, 11576.6, 17036.9, 28484.1 
9613.51, 10020.3, 9608.28, 8770.5, 9485.23, 10017.8, 9419.89, 9424.87, 9595.52, 11805.9, 16969.2, 28489.7 
9040.09, 8812.15, 9875.51, 10320.2, 9282.98, 9602.85, 9448.16, 9449.28, 9680.59, 11724.6, 16965, 28467.5 
7237.86, 7128.11, 9181.82, 8655.46, 10100.3, 9263.89, 9105.96, 9188.04, 9790.65, 11707.2, 17003.7, 28537.8 
10045.4, 8174.57, 9009.69, 10501.2, 10297.1, 9147.46, 9308.13, 9215.61, 9590.34, 11601.3, 16971.2, 28442.4 
10474.1, 9369.97, 9474.35, 10478.8, 9737.87, 9939.73, 9413.18, 9328, 9736.88, 11791.7, 16927.3, 28459.8 
12658.1, 10969.7, 9120.22, 10432.7, 9468.17, 8825.41, 9566.99, 9812.09, 9843.01, 11695.1, 16986.4, 28448.3 
9047.33, 8493.71, 10521.4, 11000.9, 9817.2, 9781.72, 9502.56, 9503, 9753.27, 11689.3, 16922.7, 28433.3 
8495.91, 8151.77, 12088.5, 8563.2, 9496.03, 9693.19, 9264.71, 9618.52, 9861.06, 11623.4, 16947, 28450.9 
8786.82, 12074.1, 9007.13, 8708.7, 9340.61, 9065.87, 9002.39, 9040.86, 9730.9, 11542.5, 16976, 28463.7 
9276.83, 7339.54, 11253.6, 8706.03, 9109.41, 9113.49, 9119.07, 9699.55, 9627.8, 11642.7, 16991.3, 28511.3 
7331.86, 8765.91, 9516.04, 10703.8, 8461.77, 8973.51, 9061.82, 9525.29, 9668.95, 11707.1, 16973.3, 28465.4 
6720.87, 11859.8, 11307.1, 9855.2, 9208.2, 10279.1, 9351.93, 9631.16, 9871.78, 11621.1, 17039.5, 28488 
8606, 9851.49, 9276.25, 9311.31, 9150.7, 9657.63, 9813.36, 9203.31, 9742.71, 11716.4, 16934.4, 28464.7 
11004.9, 12200, 8997.77, 9835.26, 9232.2, 8807.79, 8581.46, 9743.66, 9713.44, 11596.6, 16952.6, 28489.1 
10567.2, 11052.7, 10547, 9713.48, 8976.51, 10403.7, 9022.62, 9484.39, 9607.62, 11536, 17007.8, 28471.4 
13152.1, 10573, 11951.4, 8639.49, 10236.7, 9337.21, 8954.22, 9485.27, 9882.54, 11696.8, 16987, 28513.3 
10007.6, 7913.86, 9358.81, 10452.6, 10255.4, 8728.12, 9539.5, 9632.03, 9907.27, 11617, 16978.7, 28483.1 
8302.25, 8397.64, 10634.5, 8842.4, 9274.16, 8291.17, 9657.9, 9472.22, 9803.92, 11648.6, 16886.8, 28438.6 
15014.7, 12080.3, 7999.36, 9060.64, 9498.26, 9153.98, 9272.2, 9443.4, 9982.45, 11796.3, 17001.8, 28499 
5832.16, 8075.77, 8984.17, 8828.58, 9313.7, 9652.03, 9518.56, 9715.16, 9722.3, 11722.6, 16923.8, 28468.6 
6876.41, 9799.89, 12537.4, 9508.91, 10551.4, 9420.48, 9312.1, 9624.54, 9724.25, 11606.1, 17021.7, 28467.2 
10935.7, 8752.78, 8983.33, 8380.79, 9791.68, 9418.47, 9564.02, 9146.31, 9656.48, 11696.7, 16942.4, 28437.5 
10117.4, 7975.09, 10917.9, 8726.66, 8980.77, 9627.84, 9655.7, 9222.48, 9791.59, 11614.1, 16990, 28540.8 
7265.81, 9592.88, 10991.7, 10153.6, 8503.75, 8734.25, 9460.79, 9404.48, 9739.96, 11627, 16960.2, 28494.6 
11521.5, 10302.8, 10251, 9697.17, 8676.43, 8853.66, 9253.42, 9383.17, 9866.03, 11605.3, 16964.1, 28516.4 
11179.3, 9015.97, 12131.6, 8666, 10400.5, 9339.68, 9443.1, 9424.45, 9850.71, 11643.5, 16975.3, 28459.7 
9667.01, 9128.36, 9895.02, 9188.52, 10095.8, 9138.38, 9264.46, 9718.71, 9528.76, 11775.8, 16951.7, 28432 
9568.7, 7954.91, 9991.64, 10111.6, 10223.8, 9576.05, 9167.84, 9479.33, 9703.93, 11650.8, 16908.1, 28482.7 
7502.37, 9064.9, 7091.99, 9623.29, 8703.75, 9332.27, 9060.56, 9309.76, 9564.07, 11666, 16999.7, 28439 
6534.18, 6530.98, 13154.6, 9442.62, 9158.73, 9731.78, 9147.19, 9438.27, 9615.79, 11704.3, 16992.8, 28485.7 
6978.41, 12486.6, 10099.8, 9758.72, 9579.6, 9228.33, 9258.61, 9229.05, 9897.96, 11657.6, 16992.7, 28481.4 
10283.3, 10611.4, 7909.93, 10330.6, 9143.97, 9688.73, 9719.8, 9089.41, 9702.21, 11696.5, 16989.2, 28453.9 
8712.24, 9178.74, 7971.22, 8712.01, 9756.35, 9543.66, 9109.77, 9697.96, 9809.83, 11645.9, 16963.6, 28475.8 
9209.68, 10348.4, 9135.76, 10540.9, 9626.83, 9512.24, 9597.33, 9702.18, 9650.92, 11581.4, 16982.2, 28515.5 
9921.85, 12231.9, 10848.2, 10762, 8920.32, 8720.1, 8761.62, 9564.33, 9721.38, 11650.7, 16950.2, 28457.4 
8552.22, 10621, 11235, 7798.86, 9650.38, 9189.16, 9763.42, 9329.9, 9660.88, 11702.3, 17017.8, 28464.4 
5534.84, 8674.87, 7051.01, 9578.17, 10000.8, 9403.21, 9146.81, 9408.7, 9683.93, 11633.1, 16976.3, 28476.9 
12266.2, 8601.49, 9726.06, 8542.62, 9198.39, 9390.3, 9589.75, 9163.92, 9781.77, 11618.2, 16970.7, 28507.2 
10009.8, 9415.23, 8835.69, 10020.6, 9452.97, 9983.63, 9301.46, 9117.9, 9706.57, 11599.8, 16999.1, 28542.3 
10454.7, 7550.42, 12278.8, 8633.76, 8824.25, 9356.55, 9597.83, 9298.88, 9774.01, 11795, 16978.4, 28476.1 
10045.4, 10938.9, 8746.36, 10311.7, 9804.22, 9419.16, 9296.8, 9632.99, 9764.6, 11766.3, 17028.6, 28480 
9192.81, 9712.39, 9665.73, 10406.7, 9365.44, 10245.4, 9026, 9550.58, 9618.59, 11691.1, 16930.5, 28488.9 
6901.63, 8364.61, 9549.46, 8568.74, 8216.12, 10380.1, 9310.24, 9118.83, 9634.35, 11682.2, 16960.3, 28431.6 
11468.8, 8258.28, 7007.39, 10066.7, 9600.65, 9144.86, 9269.26, 9667.55, 9692.72, 11731.9, 16991.2, 28487.5 
10227.4, 9107.26, 9900.16, 8844.44, 9893.14, 9240.99, 9057.46, 9422.9, 9596.94, 11575.1, 16953.5, 28467.3 
8302.25, 7693.24, 8381.22, 10506.4, 9486.69, 9576.57, 9722.76, 9554.62, 9828, 11597.1, 16931.8, 28498.7 
8205.72, 6866.54, 13446.4, 9196.47, 9721.36, 9638.07, 9917.08, 9501.75, 9564.79, 11669.4, 16969.5, 28471.7 
11857.3, 10659.7, 9581.19, 10652.7, 9935.32, 9862.83, 9730.76, 9118.74, 9860.63, 11592.9, 16945.3, 28486.4 
6286.79, 11115.7, 9684.55, 9783.61, 8436.41, 8843.72, 9570.7, 9428.87, 9627.87, 11669.6, 17024.2, 28439.8 
11428.2, 8658.81, 9541.8, 9973.97, 9466.89, 9169.98, 9467.72, 9216.27, 9596.66, 11710.9, 16951.4, 28498.6 
11474.7, 10277.9, 9062.89, 9949.94, 9117.92, 9432.31, 9320.55, 9391.92, 9882.83, 11612.8, 16955.5, 28481.2 
12380.6, 13684.9, 9507.48, 9963.3, 9330.37, 9972.53, 8701.95, 9264.08, 9840.09, 11672.8, 16965.3, 28476.4 
7567.74, 10293.8, 10891.7, 10741.5, 10059.3, 8954.83, 9988.48, 9490.38, 10036.2, 11805.9, 17039.6, 28493.4 
6910.08, 8156.04, 10327.8, 8272.11, 8913.59, 8544.56, 9632.57, 9292.63, 9722.54, 11611.9, 17011.3, 28511.9 
10692.3, 8738.88, 8017.56, 9814.15, 9159.25, 9998.56, 9393.14, 9456.07, 9911.92, 11656.4, 17010.6, 28459.5 
9536.37, 8877.37, 8608.68, 8787.72, 10733.9, 9043.17, 9972.85, 9305.95, 9813.38, 11757.1, 16975.1, 28472 
8821.15, 8726.66, 9062.68, 8159.96, 10745.5, 9807.12, 9137.13, 9165.83, 9877.16, 11646.2, 16936.3, 28456.8 
8711.4, 8995.17, 8814.41, 9442.39, 8897.55, 9776.62, 9140.97, 9252.4, 9708.65, 11615.8, 16988.8, 28460.2 
12490.1, 11529.4, 9337.69, 8062.31, 9373.24, 9313.66, 9258.81, 9398.33, 9860.22, 11679, 16975.8, 28493.8 
10941, 8802.2, 10496.4, 7767.07, 10088.7, 9769.11, 9579.46, 9708.05, 9687.85, 11658, 16988.4, 28504.8 
11712.7, 7995.71, 11161.2, 8999.48, 8979.79, 9960, 9662.69, 9091.04, 9725.05, 11698.4, 16971.2, 28469 
5067.8, 7683.13, 9408.78, 11355.1, 9157.58, 10015, 9491.69, 9323.62, 9747.45, 11606.6, 16902.6, 28530.8 
7341.4, 8645.6, 8533.03, 8883.21, 9477.94, 9212.3, 9451.86, 9595.11, 9866.55, 11838.5, 16984.8, 28516.5 
7613.67, 8307.41, 8873.59, 10535.5, 9499.86, 9534.95, 9856.1, 9689.16, 9770.07, 11669.7, 16960, 28488.6 
10572.2, 8509.16, 9040.08, 10090.6, 8756.91, 9210.87, 9579.51, 9668.51, 9623.39, 11710.9, 17046.5, 28462.7 
10651.9, 10820, 8458.7, 8542.34, 9405.36, 9366.96, 9287.98, 9337.21, 9792.15, 11712.2, 16997.7, 28461.5 
11521.5, 9301.95, 11182.2, 9288.79, 10086.5, 10124.2, 9086.47, 9453.25, 9906.76, 11656, 16943, 28489.7 
8579.84, 8504.52, 11344.5, 8147.5, 9044.3, 8915.93, 9379.05, 9928.66, 9790.25, 11676.7, 16978.6, 28516.2 
8426.17, 9151.58, 9789.15, 8961.63, 9024.55, 8813.13, 9484.23, 9513.81, 9595.41, 11623.4, 16991.5, 28487.9 
7237.86, 7382.4, 10219.1, 9990.58, 9678.72, 9260.13, 9278.05, 9349.25, 10007, 11768.3, 16964, 28477.3 
11604.4, 7680.6, 10843.3, 8007.84, 9820.58, 9798.09, 9746.53, 9394.51, 9738.76, 11516, 17000.6, 28486.3 
6357.58, 8703.11, 9706.78, 8720.27, 9527.15, 8863.7, 9616.06, 9181.71, 9727.14, 11612.6, 16928.6, 28463.1 
9921.85, 8237.91, 8332.78, 7722.17, 9670.71, 9411.02, 9609.3, 9497.83, 9618.23, 11600.8, 17037.1, 28505.9 
5449.36, 8322.93, 9794.19, 10127.9, 9264.75, 10067.5, 9771.07, 9850.81, 9756, 11618, 16965.8, 28496.2 
9346.91, 7467.25, 12097.7, 10162.1, 9342.86, 9418.93, 9354.04, 9231.5, 9721.5, 11639.1, 16983.7, 28460.5 
9939.32, 11835.7, 9059.44, 7850.35, 9327.1, 9172.94, 10108, 9378.52, 9916.11, 11691.8, 16967.3, 28511.9 
7582.99, 10293.8, 9305.27, 9139.13, 8480.82, 9267.71, 9271.9, 9408.13, 9575.98, 11734.7, 16933.3, 28478.6 
9758.92, 6927.56, 10174.3, 10369.6, 9424.15, 9652.74, 9058.39, 9430.32, 9969.21, 11715.2, 16981.5, 28439.8 
11201.5, 9340.03, 8469.24, 8907.63, 9674.35, 9589.09, 9210.08, 9396.79, 9849.75, 11621.8, 16968.5, 28501.8 
8158.28, 10630.7, 9618.96, 9623.66, 8944.32, 9125.71, 9366.53, 8988.99, 9835.96, 11684.9, 16973.4, 28471.9 
7507.36, 10969.7, 7491.73, 8603.1, 9274.39, 9661.18, 9724.94, 9299.02, 9776.86, 11625.3, 17017.5, 28495.8 
6321.99, 9328.85, 9604.4, 9691.79, 9322.48, 9328.5, 9324.03, 9743.98, 9545.4, 11651.5, 17006.7, 28504.8 
6474.24, 10447.8, 8422.76, 8944.33, 9196.75, 8707.22, 9472.18, 9342.43, 9576.06, 11653.2, 16922.7, 28471.5 
9308.38, 7121.63, 8010.13, 8774.92, 9313.58, 9467.86, 9387.03, 9241.52, 9781.07, 11516.7, 16967.1, 28506.5 
16222.8, 6833.44, 8396.01, 8937.87, 9519.53, 9670.5, 9160.68, 9295.85, 9604.15, 11691.6, 16978.2, 28478.8 
10692.3, 13704.9, 10619.4, 11015.1, 10186.1, 8812.93, 9860.57, 9352.99, 10021.9, 11601.4, 16926.3, 28481.4 
8376.16, 11705.4, 9328.53, 11252, 9775.52, 9906.83, 9136.12, 9659.63, 9708.99, 11610.7, 16923, 28497.5 
9852.59, 10287, 10132.1, 8143.34, 9250.91, 9733.34, 9517.72, 9898.5, 9843.87, 11552.8, 16976.7, 28488.4 
8904.63, 7842.87, 10637.2, 8888.87, 8908.54, 9285.07, 9551.19, 9608.19, 9594.76, 11622, 16924, 28485.1 
15682, 9310.29, 10061.2, 8534.27, 9777.75, 9722.79, 9755.04, 9411.49, 9945, 11647.6, 17010.9, 28459.4 
6350.43, 12560.4, 7690.19, 9307.25, 8398.74, 9592.85, 9130.1, 9443.74, 9776.74, 11616.2, 17009.9, 28428.5 
8586.36, 7227.27, 10380.8, 8569.31, 9194.99, 9711.54, 9231.37, 9242.43, 9702.32, 11598.6, 16949.4, 28508.7 
11080.5, 9093.09, 9401.34, 8943.94, 9436.66, 10264.7, 9547.71, 9190.89, 9857.27, 11582.1, 16983.9, 28489.9 
8996.87, 7660.48, 11422.4, 10537.5, 8662.45, 8880.97, 9378.17, 9332.52, 9711.11, 11545.8, 16960.6, 28504.6 
7670.56, 11908.1, 9087.12, 9004.12, 10583.2, 9269.81, 9431.54, 9534.19, 9879.54, 11656.2, 16985.9, 28479 
9343.04, 9608.64, 11256.3, 9436.48, 8227.61, 9217.52, 9778.23, 9124.42, 9728.01, 11723.8, 16993.3, 28437.7 
5668.21, 9648.28, 9166.78, 8152.95, 10255.6, 9800.85, 9392.54, 8976.4, 9817.91, 11698.4, 16956.5, 28509.5 
10045.4, 11254.8, 7432.08, 8564.7, 8347.01, 9492.18, 9174.92, 9463.5, 9845.85, 11637.1, 16955.5, 28499.5 
8698.82, 7543.12, 8542.22, 9122.63, 10486, 10198.8, 9169.49, 9645.91, 9852.94, 11679.9, 16976.2, 28483.9 
10153.8, 12005.9, 9351.45, 9447.44, 9895.8, 9729.11, 9708.78, 9306.48, 9879.83, 11643, 16991.5, 28484.2 
7467.02, 10133.2, 8862.02, 9149.15, 9132.66, 9493.36, 9424.33, 9424.33, 9748.3, 11745.7, 16969.2, 28475.3 
7754.85, 9291.79, 9859.07, 7842.66, 10870.9, 9283.4, 9342.39, 9775.87, 9986.52, 11783.9, 16927.2, 28442.5 
14008.8, 10089.5, 8120.87, 8444.1, 10477.3, 9339.12, 9030.92, 9544.91, 9710.06, 11583.6, 16960, 28461.2 
9617.6, 7632.98, 9751.04, 9475.59, 9155.48, 9423.01, 9710.41, 9323.3, 9892.02, 11631.2, 16982.1, 28495.4 
10753.4, 9863.96, 8709.53, 8894.63, 8676.24, 9246.7, 9195.32, 9356.15, 9682.17, 11581.2, 17012, 28493.7 
8065.05, 7917.21, 9621.88, 8975.5, 10188.1, 8992.65, 9648.2, 9122.94, 9714.03, 11715.7, 16949.3, 28486.2 
6952.63, 8929.91, 8292.12, 9905.03, 9443.36, 9727.76, 9415.22, 9316.13, 9693.57, 11695.3, 16965.4, 28417.7 
7384.61, 8160.31, 9616.04, 8614.68, 8885.63, 9228, 9746.63, 9286.96, 9811.05, 11641.4, 16951, 28493.1 
10804.8, 8798.68, 11187.4, 10525.5, 9297.3, 9669.82, 9459.21, 9520.72, 9667.09, 11693.2, 16921.8, 28484 
9135.17, 7775.08, 13520.5, 9669.94, 9224.69, 9629.95, 9344.94, 9308.91, 9885.94, 11658.4, 17010.8, 28437.3 
12948.5, 7678.08, 8353.26, 8682.27, 9152.17, 9418.7, 9399.72, 9736.94, 9716.38, 11607.8, 16958.4, 28484.8 
6712.88, 8720.15, 10275.4, 8537.11, 9777.61, 8584.08, 9809.31, 9203.71, 9848.77, 11628.4, 16991.7, 28480.2 
7797.7, 10907.7, 8533.03, 9229.18, 9007.7, 8963.62, 9247.29, 9446.73, 9615.51, 11678.1, 17015.4, 28447.1 
11201.5, 8103.76, 8150.08, 8331.88, 9083.85, 9429.1, 9486.25, 9453.26, 9889.72, 11583.2, 17016.3, 28500.4 
14365.2, 8872.32, 9432.91, 9621.3, 9016.76, 9160.37, 9527.77, 9688.66, 9923.94, 11547, 16987.3, 28465.8 
9105.7, 7890.5, 9974.88, 9998.12, 9639.05, 9638.7, 9190.87, 9067.88, 9801.88, 11723.9, 16954.3, 28491.2 
7547.5, 10867.8, 9500.72, 8931.04, 9328.91, 9936.7, 9635.97, 9387.35, 9617.62, 11759.9, 17027.3, 28466.3 
15014.7, 7927.95, 8695.21, 9166.29, 8668.34, 9002.98, 9711.09, 9336.19, 9737.11, 11691.7, 16915.2, 28452.9 
11382.1, 12696.8, 10162.4, 8723.09, 10047.2, 9817.45, 9095.23, 9594.36, 9695.59, 11575.2, 16995.1, 28495.7 
10045.4, 9692.27, 10519.6, 9103.17, 7911.77, 9502.83, 9536.23, 9253.27, 9624.76, 11616.8, 16949.5, 28511.4 
6329.07, 10837.6, 8329.86, 9403.66, 9616.45, 10010, 9132.68, 9655.76, 9783.55, 11687.3, 16979.5, 28478.7 
9536.37, 5643.69, 10733.8, 7752.1, 8849.77, 8663.78, 9524.72, 9470.37, 9747.29, 11671.4, 16940, 28464.8 
8929.27, 8818.79, 10323.9, 10460.3, 9574.01, 9267.25, 8836.39, 9389.77, 9687.51, 11669.4, 16966.9, 28451.4 
8579.84, 9185.95, 8870.07, 10200.5, 9503.76, 9313.77, 9225.85, 9637.21, 9737.63, 11742.7, 17007.7, 28445.8 
9346.91, 8636.43, 9238.87, 9446.69, 9322.08, 9568.01, 9567.32, 9602.9, 9662.39, 11650.9, 16929.9, 28453.4 
8528, 10177.3, 8539.16, 9990.32, 9776.63, 9522.98, 10113.8, 9397, 9588.14, 11585.5, 17004.4, 28472.1 
7219.35, 9955.81, 9531.29, 9564.81, 9633.99, 8761.21, 9000.4, 9286.93, 9753.91, 11704.9, 16988, 28468.7 
17310.9, 9592.88, 10410.3, 10179.7, 9748.92, 9893.99, 9543.71, 9678.31, 9715.2, 11626.6, 16955.6, 28499 
6231.27, 13518.8, 7722.18, 8930.21, 9628.55, 9787.75, 9241.78, 9160.17, 9908.15, 11655, 17008.4, 28479.5 
7906.91, 9002.09, 8559.9, 9630.53, 8600.48, 10098.6, 9465.18, 9663.79, 9804.69, 11786.3, 16995.2, 28496.3 
6818.28, 9456.63, 9212.93, 8134.21, 8557.99, 9266.41, 9421.88, 9392.67, 9664.67, 11669.8, 16939.6, 28449.4 
12167.1, 11693.7, 9029.78, 8702.14, 9535.58, 10676.7, 9454.18, 9499.63, 9758.91, 11592.5, 16950.2, 28480.4 
11761.5, 6902, 9200.46, 10296.8, 8906.59, 9093.01, 9213.61, 9460.29, 9651.32, 11652.7, 17013.3, 28456.2 
10081.3, 9736.65, 11028, 8252.73, 9796.5, 9883.26, 9126.91, 9659.42, 9596.94, 11616.1, 16992, 28480 
10651.9, 8199.29, 8378.27, 11280.7, 9630.8, 9167.36, 9647.41, 9213.2, 9670.9, 11673.4, 16982.5, 28439 
5668.21, 8064.63, 9480.01, 9532.52, 8866.04, 9773.85, 9393.87, 9118.36, 9656.74, 11587.4, 16957.6, 28498.2 
9921.85, 12881.2, 8082.25, 8222.87, 9916.86, 9547.53, 10060.4, 9343.8, 9672.25, 11556.4, 17031.5, 28447.8 
6961.2, 8617.33, 9255.94, 8674.81, 8500.75, 10126.1, 9865.47, 9442.6, 9667.87, 11714.7, 16973.4, 28455.8 
9316.06, 7334.65, 9543.71, 10979.2, 10329.9, 9217.44, 9159.09, 9169.11, 9612.7, 11635.8, 17028.3, 28476.5 
13974.1, 9419.03, 7554.81, 8811.97, 9070.31, 8996.07, 9499.51, 9248.59, 9731.44, 11693.9, 16908.9, 28442 
6329.07, 8617.33, 8807.88, 9309.71, 8617.58, 9720.49, 9047.63, 9167.72, 9942.9, 11686.8, 17012.7, 28449.9 
6982.73, 8940.15, 6729.86, 9200.88, 9286.89, 9851.88, 9642.27, 9567.2, 9697.74, 11669.8, 16974.9, 28482.4 
8476.78, 7373.09, 7753.95, 8241.88, 9675.5, 9462.93, 9793.57, 9410.88, 9835.39, 11611.2, 17003.6, 28470.3 
11223.7, 8498.34, 12775.3, 9137.82, 9958.03, 9504.42, 9312.75, 9286.5, 9615.49, 11771.8, 16977.9, 28421.2 
10007.6, 9117.91, 10406.9, 8527.21, 9369.93, 9186.02, 9557.85, 9618.45, 9910.21, 11605.7, 16933.3, 28496.8 
11428.2, 7554.08, 7118.52, 8776.72, 9269.45, 9467.32, 9596.89, 9554.37, 9632.04, 11708.4, 16992.2, 28463.9 
11860.4, 9569.33, 9497.04, 8649.8, 9469.97, 9956.92, 9695.4, 9599.95, 9765.61, 11727.6, 16929.3, 28502.3 
6044.47, 7491.17, 9859.13, 7410.13, 9060.19, 9585.1, 9253.75, 9219.31, 9790.42, 11557.7, 16988, 28504.2 
5662.52, 8610.99, 10363.8, 10774.8, 9383.3, 9671.75, 9518.58, 9104.73, 9767.04, 11637.9, 16955.5, 28463.5 
7284.56, 9236.75, 7984.59, 9061.17, 10186.7, 9292.94, 9765.6, 9485.76, 9879.98, 11590.6, 16978.7, 28479.5 
6918.55, 7529.76, 10902.9, 9195.59, 8451.43, 8976.46, 9239.81, 9651.03, 9723.66, 11681, 16997.9, 28480.5 
8448.24, 7396.41, 9958.18, 9514.98, 8585.15, 10025.8, 10193.2, 9541.66, 9850.25, 11669.7, 16911.8, 28461.8 
5714.1, 7921.23, 7948.58, 10146.1, 10040.6, 8802.45, 9653.43, 9504.19, 9695.08, 11698.6, 16976, 28464.8 
9216.73, 9608.64, 9512.23, 10016.2, 9184.7, 9762.71, 8969.04, 9746.27, 9763.66, 11746.5, 16951.7, 28463.3 
12819.8, 7748.92, 10044.4, 8851.37, 9610.82, 9212.35, 9281.84, 9332.84, 9886.82, 11634.5, 16999, 28488.9 
7445.48, 9960.58, 11844.7, 10179.9, 10191, 9185.72, 9820.57, 9414.91, 9887.08, 11624.1, 17067, 28508.6 
13064.6, 11336.6, 9066.35, 8733.8, 9409.6, 9407.71, 10104, 9407.54, 9802, 11658.5, 16977.9, 28449.7 
6952.63, 9630.41, 10843.3, 8274.25, 9249.91, 9048.19, 9376.5, 9661.59, 9714.93, 11639.1, 17008.5, 28512.7 
9939.32, 11570.8, 9995.84, 8646.68, 10326.8, 9841.48, 9334.92, 9550.76, 9767.5, 11753.4, 17010.9, 28487.8 
9409.22, 7344.72, 7701.55, 10945.4, 9265.86, 9671.13, 9004.35, 9406.52, 9713.06, 11582.4, 16994.9, 28441.7 
10532.7, 15167, 9596.16, 12268.4, 9804.69, 10126.1, 9397.21, 9208.85, 9683.74, 11737.2, 16923.3, 28513.2 
9393.57, 9266.02, 10682.6, 8809.14, 9445.39, 9422.61, 9521.41, 9491.44, 9847.94, 11720.5, 16962.5, 28436.3 
5832.16, 10872.8, 10663.4, 9477.7, 9112.8, 9064.01, 9727.5, 9616.25, 9721.92, 11618, 16998.6, 28486 
12011.8, 8936.74, 9780.1, 8156.5, 9959.67, 9567, 9461.63, 10142.6, 9569.49, 11623.5, 17044.6, 28497.9 
9625.8, 9328.85, 10745.3, 8961.26, 8917.66, 9202.1, 9445.21, 9610.03, 9648.13, 11702.5, 16972.3, 28460.4 
8685.44, 8170.28, 9965.48, 8717.74, 8110.45, 9184.18, 9338.92, 9480.54, 9721.2, 11608.4, 16951.7, 28470.6 
11113.3, 7252.48, 8691.24, 10445.8, 8162.3, 9201.3, 9817.41, 9617.47, 9693.09, 11704, 17017.4, 28440 
7527.38, 9476.27, 9497.04, 8987.27, 10265.3, 9293.27, 9743.62, 9431.84, 9711.01, 11587.2, 16963.5, 28485.5 
5856.17, 9347.5, 9506.53, 9643.11, 9962.63, 9551.79, 9658.13, 9479.27, 9984.95, 11652.9, 17015.7, 28451.6 
6961.2, 9019.45, 8165.12, 8106.14, 9709.49, 8422.45, 9285.48, 9322.14, 9768.99, 11607.7, 17002.7, 28483.5 
9801.27, 7128.14, 10912.9, 8551.75, 8676.38, 9314.02, 9350.6, 9668.26, 9787.1, 11694, 16996.8, 28519.7 
7906.91, 8870.64, 12328.1, 8864.45, 9046.32, 9422.9, 9497.09, 9224.18, 9802.04, 11597.6, 16951.8, 28458.3 
12326.1, 10177.3, 9224.54, 9222.31, 9338.28, 9496.3, 9385.76, 9407.04, 9927.69, 11726.6, 16986.3, 28469.4 
14778.9, 9822.53, 7314.4, 9562.66, 10109.3, 9383.01, 9212.42, 9222.4, 9723.44, 11718.5, 17003.9, 28482.5 
12830.8, 9142.86, 9639.18, 10259.6, 8907.93, 9525.12, 8944.37, 9752.52, 9746.26, 11640.3, 16934.5, 28470 
9601.25, 10248.7, 9281.67, 8507.7, 9896.57, 9470.51, 9539.17, 9405.96, 9562.76, 11690.6, 16902.1, 28447.9 
9869.81, 8828.78, 9808.83, 10834.2, 8919.57, 8679.06, 9430.16, 9491.62, 9762.57, 11643.2, 17025.5, 28441 
9217.2, 12361.2, 10178.1, 8861.99, 9566.12, 9131.99, 9609.37, 9574.79, 9857.55, 11703.9, 16958.9, 28510.2 
7074.6, 9103.71, 8147.29, 8332.06, 9082.31, 9745.37, 9141.26, 9350.75, 9763.57, 11683.3, 16952.9, 28481.9 
9285.42, 8233.56, 8881.87, 9460.17, 9539.23, 9087.3, 9642.1, 9810.63, 9580.86, 11619.8, 16964.5, 28471.3 
7744.22, 10150.8, 11029.3, 8884.14, 8719.59, 9400.98, 9937.28, 9681.02, 9724.47, 11718.1, 16981.2, 28472.7 
7547.5, 7768.62, 8666.7, 10352.3, 9842, 9395.63, 9677.88, 9364.2, 9765.58, 11685, 16998.3, 28472.6 
6720.87, 15069.2, 12262.1, 10537.5, 9948.14, 9201.47, 9753.1, 9258.72, 9686.48, 11692.7, 16988.8, 28490 
6005.89, 8638.02, 12462.1, 9669.82, 9206.08, 10086.1, 9611.45, 9418.23, 9514.24, 11641.1, 16944.8, 28532.6 
9316.06, 12251.1, 10943.9, 8353.72, 10462.9, 9259.76, 9681.7, 9685.64, 9973.69, 11616.7, 16965.2, 28465.2 
12219.8, 9222.18, 8447.44, 8506.71, 9179.13, 9439.14, 9085.99, 9361.07, 9732.33, 11636.2, 16946.5, 28490.7 
11954.5, 8047.98, 9358.81, 9316.74, 8212.89, 9628.73, 10093, 9365.46, 9677.69, 11641.8, 16978.2, 28481.4 
14347, 7749.32, 8987.57, 9634.4, 8786.55, 9819.97, 9313.79, 9630.89, 9889.52, 11745.9, 17014.7, 28472.5 
7557.61, 7597.02, 12749.2, 11231.6, 9084.2, 9493.71, 9553.02, 9613.63, 9826.13, 11550.4, 16935.8, 28514 
8426.17, 10949.2, 9219.18, 8893.96, 9865.42, 9333.83, 9201.08, 9555.76, 9768.77, 11598.5, 17038.9, 28540.5 
5794.75, 9200.41, 8617.65, 7718.44, 9917.82, 8524.5, 8723.19, 9683.21, 9591.87, 11579.4, 16948.3, 28472.2 
12889.3, 9834.92, 10599.3, 10291.7, 10222.3, 9462.55, 9630.31, 9569.32, 9741.1, 11598.3, 16991.5, 28452.7 
8606, 7438.75, 8195, 11231.9, 9838.18, 9045.08, 9799.3, 9528.07, 9712.83, 11687.7, 17067.3, 28477.3 
7308.13, 9608.64, 8004.74, 9760.24, 9330.54, 9318.96, 9551.91, 9259.91, 9707.06, 11613.5, 16961.9, 28466.4 
8277.91, 7069.43, 8688.86, 9596.24, 8949.01, 9633.36, 9739.27, 9419.11, 9775.47, 11682.7, 17001.9, 28461.1 
9346.91, 9985.83, 10606.4, 10844, 8421.57, 9033.26, 9348, 9615.58, 9773.8, 11761.8, 16968.1, 28474.7 
8131.84, 6453.49, 8656.45, 10446.2, 9130.23, 8807.96, 9787.64, 9501.78, 9806.43, 11691.1, 16996.3, 28462.1 
19585.5, 8646, 10354.8, 10012.7, 9866.56, 9149.93, 9481.38, 9491.42, 9667.92, 11715.1, 17023.5, 28478.8 
11885.3, 11417.9, 9612.16, 10246.2, 9909.6, 9005.04, 9043.71, 9276.49, 9825.53, 11731.4, 16998.1, 28494.8 
9504.26, 9551.74, 8369.43, 8837.62, 9976.8, 9762.69, 9389.84, 9398.63, 9749.55, 11758.5, 16924, 28458.2 
8876.62, 9133.93, 8012.49, 9117, 8682.44, 9654.73, 9355.68, 9251.28, 9787.08, 11623, 16960.2, 28500.5 
12010.2, 10440.8, 8026.85, 8230.62, 8941.13, 9747.01, 9592.28, 9421.86, 9594.46, 11752.9, 16887.1, 28462.7 
6258.91, 10611.4, 9429.29, 8901.44, 8465.02, 8507.71, 9435.38, 9625.8, 9548.25, 11651, 17000.9, 28446 
7670.56, 8572.72, 9814.39, 9542.82, 9474.34, 10361.3, 9783.4, 9159.72, 9765.61, 11721.8, 16984.2, 28502.4 
5188.91, 8492.17, 9954.01, 9771.19, 9295.4, 8674.7, 9312.14, 9322.84, 9720.35, 11710.3, 17024, 28445.2 
9504.26, 6503.74, 11231.5, 10001.2, 9032.38, 9243.69, 9588.36, 9300.5, 9687.85, 11502.5, 16902, 28537.8 
8111.4, 10762.7, 9708.26, 9965.95, 10293.3, 9627.85, 9394.52, 9575.95, 9750.71, 11737.1, 17019.2, 28486.4 
5942.67, 7267.69, 10950.6, 8262.5, 10724.5, 9675.4, 9060.37, 9393.05, 9898.61, 11597.2, 16975.1, 28487.1 
9904.44, 10321, 7714.04, 8868.13, 9496.59, 9233, 9366.46, 9413.27, 9766.22, 11669.8, 16980, 28471.7 
8766.36, 8510.71, 8990.96, 9892.01, 8979.18, 9133.48, 9481.92, 9617.87, 10077.6, 11619, 16944.4, 28453.5 
7841.02, 6573.2, 8959.43, 9155.25, 8858.76, 9466.7, 8950.09, 9393.52, 9580.6, 11601.7, 16994.9, 28450.8 
11113.3, 7279, 11032.9, 8811.36, 8267.29, 9631.32, 9374.65, 9370.49, 9584.25, 11739.9, 16976.7, 28442.5 
12206.6, 8198.93, 8293.38, 9014.01, 9108.18, 9221.59, 8937.17, 9583.93, 9656.61, 11739.9, 16869.1, 28463.2 
7379.78, 11549.4, 8467.73, 8941.23, 9782.34, 9268.69, 8841.56, 9252.39, 9816.46, 11714.5, 16916.6, 28491.2 
5734.42, 10456, 11075.5, 9084.86, 8834.05, 9194.89, 9985.17, 9794.81, 9748.87, 11627.2, 16984.2, 28499.2 
7712.48, 8662.01, 10375.1, 11206, 8064.03, 8592.81, 9325.04, 9610.58, 9687.54, 11602.4, 16960.8, 28457 
13636.6, 14156, 11651.7, 9186.34, 9826.42, 10072.9, 9164.9, 9494.5, 9936.21, 11603.3, 16925, 28483.6 
11804.6, 8394.63, 11111, 8394.49, 9330.26, 10329.1, 8992.91, 9394.08, 9776.51, 11756.8, 16907.1, 28463.1 
10552.4, 7867.94, 8935.24, 8706.85, 8373.29, 9111.86, 9349.01, 9808.64, 9726.75, 11701.8, 16937.9, 28469.9 
7428.33, 8700.68, 9202.18, 9014.91, 9492.35, 8686.95, 9552.88, 9558.96, 9720.77, 11693.4, 17020.5, 28448.8 
14113.8, 8006.65, 8597.79, 7359.29, 8967.01, 10218.3, 9099.63, 10047.1, 9859.22, 11637.8, 16976.5, 28480.7 
6290.29, 7713.54, 8576.1, 8771.51, 9554.03, 9147.16, 9172.84, 9528.22, 9844.79, 11670.7, 16967.8, 28509.7 
6622.33, 8348.18, 9949.79, 8382.26, 9806.31, 9249.16, 8937.56, 9335.68, 9807.29, 11744.4, 16954.6, 28440.9 
11201.5, 11094.6, 11994, 9761.01, 9480.97, 9613.45, 9088.96, 9380.74, 9879.6, 11708.6, 16983.4, 28477.3 
9277.79, 9332.58, 8478.29, 10384.8, 9033.05, 9839.52, 9610.46, 9785.68, 9746.02, 11658.7, 17012.8, 28482.7 
8401.09, 8075.08, 8313.49, 9523.06, 10424.7, 9167.77, 9228.54, 9750.43, 9905.7, 11732.2, 16982.3, 28467.8 
12715.2, 8211.88, 9801.25, 11991.3, 10690.7, 9452.46, 9304.47, 9470.34, 9814.26, 11615.1, 17007.3, 28488.4 
10153.8, 11740.7, 9220.97, 8329.82, 9578.29, 10083, 9541.93, 9418.01, 9723.39, 11705, 16933.1, 28487.1 
7182.61, 11739.2, 9369.87, 10437, 8494.5, 9320.4, 8960.95, 9278.88, 9959.02, 11700.6, 16927.4, 28486.6 
7712.48, 8818.79, 8550.67, 10854.4, 8852.2, 9316.8, 8891.21, 9542.11, 9652.65, 11677.4, 16928.4, 28438 
7428.33, 10168.5, 11158.6, 8564.53, 8505.63, 9474.07, 9183.89, 9616.76, 9675.77, 11717.2, 16922.5, 28507.7 
8065.05, 9340.03, 12390.7, 9686.83, 9326.99, 9076.72, 9681.91, 9313.07, 9730.66, 11766.3, 17028.8, 28449.8 
8290.06, 6994.9, 8625.85, 11767.1, 9804.04, 10253.7, 9578.81, 9237.86, 9841.97, 11649.8, 16984, 28427.1 
7773.54, 8281.67, 9507.96, 10982.3, 8672.97, 9025.22, 9146.93, 9408.72, 9709.83, 11799.5, 16999.8, 28499.7 
10292.7, 10348.4, 6964.06, 10061.5, 10059.2, 8804.95, 9761.5, 9500.26, 9849.74, 11735.8, 16957.5, 28471.2 
5974.11, 10089.5, 9718.17, 9398.14, 8982.73, 9816.95, 9247.91, 9313.87, 9622.27, 11592.6, 16995.2, 28498.8 
8528, 10248.7, 10575.7, 7909.12, 9450.3, 9251.11, 9611.89, 9238.14, 9585.74, 11738.5, 16969, 28481.5 
9164.83, 12818.5, 9331.05, 11027.1, 10547.2, 9191.29, 9490.93, 9477.57, 9784.9, 11668, 16993.4, 28488.9 
10611.9, 10366.8, 11438.7, 8150.61, 9862.02, 9448.34, 9375.79, 9295.74, 9733.64, 11707.6, 16977.1, 28441.9 
7312.87, 7534.61, 8334.61, 7817.75, 8621.23, 8625.96, 9217.61, 9504, 9831.79, 11654.9, 16990.5, 28482.5 
12353.5, 9400.1, 8409.36, 8711.61, 9830.34, 10016.1, 9330.66, 9564.96, 9632.85, 11620.6, 16974.6, 28480 
10493.6, 13371.9, 8517.76, 10933.5, 9502.23, 10179.8, 9937.36, 9408.93, 9503.36, 11610.8, 16929.8, 28508 
9504.26, 8981.35, 9346.86, 10900.6, 8340.07, 9514.19, 9418.73, 9816.11, 9545.69, 11685.6, 16973.6, 28497.1 
8247.67, 9043.87, 10477.9, 8905.05, 8677.6, 9078.99, 9383.33, 9141.51, 9652.36, 11636.6, 16884.6, 28461.8 
9224.73, 8649.2, 8690.44, 10022.5, 9567.54, 10389.7, 9218.02, 9269.36, 9592.23, 11569.5, 17015.8, 28475.8 
11810.7, 9280.73, 9509.38, 9185.89, 9396.88, 9085.69, 9477.56, 9427.29, 9925.88, 11711.2, 16951.1, 28457.6 
7312.87, 9538.11, 8093.24, 9995, 9681.37, 9644.31, 9421.74, 9242.11, 9843.69, 11733.6, 16965.6, 28485.3 
7322.35, 9553.2, 10603.9, 9717.78, 9782.27, 9558.41, 8896.2, 9687.1, 9859.5, 11623.1, 16877.4, 28430.6 
10153.8, 10454.8, 9684.3, 7699.79, 10368.6, 8910.42, 9753.76, 9420.22, 9882.39, 11794.5, 16945.8, 28477.9 
10611.9, 9351.24, 6966.22, 11130.3, 9370.25, 10272.5, 8954.31, 9438.71, 9934.56, 11629.9, 16945.8, 28483.2 
5346.15, 7322.3, 10794.1, 9604.52, 8565.3, 9261.99, 10025.2, 9289.85, 9661.14, 11667.2, 16998.3, 28499.1 
6190.28, 9834.92, 9488.52, 11563.7, 9792.02, 10799.8, 9125.24, 9200.3, 9611.52, 11700.3, 16953.8, 28501.8 
9076.42, 7033.82, 11161.2, 9540.1, 9776.38, 9782.56, 9069.79, 9332.53, 9612.24, 11579.3, 16965, 28432.5 
6466.82, 11992, 8345.2, 9985.12, 9900.76, 9600.39, 9127.98, 9241.92, 9674.13, 11640.3, 16993.7, 28438 
9617.6, 14225.9, 8212.68, 9524.95, 10463.7, 9786.15, 9399.01, 9358.5, 9604.82, 11686.9, 16984.7, 28508.3 
8901.12, 10148.6, 9822.5, 9909.11, 8446.29, 10235.2, 8902.37, 9469.18, 9898.66, 11563.4, 16977.4, 28477 
7754.85, 10747.9, 12215.7, 9546.74, 9807.9, 9124.06, 8913.41, 9513.04, 9882.69, 11606.8, 17002.3, 28495.6 
9316.06, 8636.43, 8735.92, 9155.47, 10640.6, 9001.2, 8803.03, 9467.94, 9761.25, 11610.4, 16968.6, 28456.5 
6880.6, 7879.86, 7857.67, 8605.8, 9926.5, 9260.34, 9210.14, 9407.44, 9687.79, 11550.2, 17052.9, 28474 
8987.91, 10938.9, 7240.94, 9295.31, 10156.5, 8994.36, 9635.73, 9330.28, 9777.27, 11763.1, 16984, 28445.8 
8181.93, 7180.67, 7813.8, 8655.02, 8769.07, 9389.29, 9376.48, 9414.29, 9920.94, 11736.8, 17003.8, 28477.5 
9599.21, 9160.77, 8134.76, 9037.82, 9191.76, 9160.81, 9456.12, 9540.61, 9967.88, 11738.9, 16939.2, 28433.9 
9254.97, 9407.66, 8508.24, 9618.23, 8244.48, 10000.7, 9425.14, 9811.83, 9783.27, 11682.7, 16966.2, 28446.4 
7819.3, 9250.9, 7520.14, 8898.96, 9777.13, 9907.08, 9184.19, 9331.28, 9861.52, 11672.9, 16988.1, 28487 
9346.91, 8777.42, 8772.16, 9297.67, 8982.1, 9829.21, 9335.88, 9395.61, 9719.54, 11667.3, 16911.4, 28540.2 
9127.78, 7751.56, 9758.04, 8577.73, 8694.53, 9539.42, 9816.15, 9841.42, 9681.56, 11744.7, 16994.3, 28476.4 
7312.87, 6348.38, 10547.6, 8540.72, 9328.85, 9621.05, 8653.64, 9168.99, 9730.01, 11694.5, 16983.3, 28446.7 
11761.5, 8865.59, 9750.04, 9715.82, 9999.86, 9187.28, 9586.81, 9448.03, 10021.6, 11742.7, 16946.2, 28449.8 
7754.85, 8231.75, 8408.62, 8679.71, 8598.56, 9642.9, 9097.05, 9577.18, 9630.33, 11643.6, 16963.6, 28449.6 
10283.3, 7922.57, 12131.6, 9255.85, 9568.55, 9889.78, 9451.74, 9367.54, 9708.51, 11665.8, 16975.3, 28508.2 
14184.8, 9776.85, 9745.79, 8651.36, 9646.76, 9245.52, 9341.97, 9108.36, 9680.72, 11645.7, 16976.5, 28499.3 
11545.1, 9107.26, 8901.81, 9940.15, 10548.1, 9443.04, 9293.09, 9293.01, 9796.31, 11635, 16983.7, 28483.6 
7951.46, 8739.7, 9987.44, 7568.44, 9478.29, 9558.9, 9715.24, 9879.2, 9856.01, 11658, 16921.5, 28469 
7289.26, 10054.8, 10703, 10033.1, 10473.3, 10332.2, 9272.25, 9659.63, 9717.8, 11710.1, 16989.4, 28488.8 
7797.7, 8592.01, 9612.16, 9940.15, 9544.76, 10544.3, 9408.8, 9238.33, 9730.61, 11633.4, 16985, 28501.8 
5310.94, 12073.3, 11852.1, 8972.15, 9565.05, 9859.06, 9445.55, 9391.94, 9843.16, 11616.6, 16991.9, 28480.1 
5132.3, 9969.07, 8946.17, 8106.18, 9931.48, 9243.48, 10229.6, 9460.52, 10076.6, 11615.3, 16972.1, 28496.2 
14180.3, 9430.42, 8950.32, 9390.77, 8823.24, 9633.06, 9448.74, 9360.98, 9848.01, 11692.1, 16970.6, 28462.9 
10454.7, 8217.65, 9964.18, 9761.13, 8724.43, 9052.47, 9220.77, 9609.84, 9563, 11632.7, 17043.2, 28470.5 
9667.01, 10659.7, 8196.41, 9656.2, 9702.83, 9108.73, 9534.49, 9485.42, 9918.65, 11712.7, 16946.3, 28506.9 
5513.22, 8926.5, 9392.06, 8918.59, 10149, 8986.76, 9375.6, 9255.94, 9806.3, 11732.7, 17020.4, 28458.2 
11268.5, 7345.3, 8187.95, 9661, 8437.95, 9116.19, 9355.48, 8981.95, 9751.02, 11721.9, 16933.8, 28509.9 
8489.52, 9473.39, 9964.44, 10199.4, 10772.4, 10002.1, 9313.88, 9535.41, 9544.55, 11704.3, 16900.7, 28476.2 
9939.32, 11254.1, 10873, 9946.59, 9392.18, 9000.46, 9623.91, 9265.68, 9768.33, 11609.5, 16998.9, 28510.9 
6511.57, 10471.2, 11003.7, 10244.6, 8997.49, 9501.18, 9828.09, 9398.57, 9911.19, 11713.6, 16988.5, 28473.5 
13314.9, 6320.93, 7763.12, 10102.8, 9440.11, 9396.96, 9439.86, 9635.31, 9866.67, 11668.2, 16973.7, 28483 
9440.69, 9082.5, 11863.9, 9921.92, 8247.31, 8653.36, 9859.12, 9496.31, 9796.25, 11672.7, 16966.5, 28485.1 
8158.28, 9273.37, 8675.39, 9777.66, 9821.95, 9175.01, 9508.29, 9394.13, 9823.53, 11748.2, 16974.8, 28490 
6810.05, 6672.59, 7497.67, 10663.6, 9180.11, 8452.27, 9147.16, 9481.57, 9897.82, 11543.6, 16955.5, 28432.5 
9568.7, 6273.45, 10046.5, 8318.7, 9620.17, 10219.6, 9058.65, 9446.57, 9840.56, 11689.3, 16983.5, 28505.6 
9393.57, 8595.16, 8020.26, 9349.63, 9330.49, 9374.95, 8948.04, 9300.48, 9826.15, 11663.4, 16986.3, 28466 
7754.85, 9918.34, 7972.22, 9222.09, 9006.49, 9474.25, 9404.08, 9654.65, 9823.01, 11573.1, 16970.5, 28488.2 
9409.22, 8352.66, 9573.96, 9591.33, 9740.82, 9120.44, 9493.77, 9520.83, 9710.5, 11643, 16950.9, 28509.4 
8299.2, 10553.9, 12387.4, 8977.13, 9252.33, 9486.04, 9572.79, 9917.95, 9618.1, 11704.5, 16917.6, 28457.5 
8241.65, 7290.35, 7082.49, 8797.43, 9158.63, 9409, 9395.46, 9390.68, 9576.68, 11723.4, 16984, 28461.5 
7918, 8322.93, 10784.3, 8224.98, 9006.96, 9311.86, 9391.13, 9455.55, 10069.9, 11639.8, 16994, 28495.6 
15947.8, 7491.17, 11013.9, 9700.48, 10211.7, 9284.51, 9820.79, 9433.17, 9820.48, 11742.8, 16945.9, 28467.7 
6884.8, 9325.14, 8446.69, 9156.1, 8515.49, 8201.58, 9625.15, 9538.74, 9812.39, 11657.4, 16996.2, 28475.6 
8502.31, 10150.8, 9318.49, 8447.63, 9477.48, 8783.57, 9140.38, 9541.31, 9533.18, 11733, 16987.7, 28525.9 
12114.9, 9592.88, 10922.9, 9742.93, 8691.12, 9521.26, 8704.71, 9703.29, 9662.16, 11730, 16948.9, 28463.9 
9105.7, 8376.59, 7361.93, 9988.24, 9967.03, 10129.1, 9710.89, 9493.97, 9645.95, 11671, 16995.5, 28462.9 
12658.1, 9658.24, 10989.8, 8776.72, 10454.2, 9095.16, 9002.38, 9164.87, 9640.56, 11734, 16996.8, 28474.9 
9164.83, 11063.1, 7743.23, 9215.01, 9244.43, 9553.34, 9017.74, 9290.84, 9945.44, 11628.8, 16935.8, 28485.2 
8065.05, 10137.6, 9924.94, 10548.5, 8851.49, 9136.96, 9676.08, 9541.02, 9855.82, 11597.5, 17007.8, 28470.8 
8989.7, 7678.08, 11610.6, 9953.03, 8701.15, 8603.55, 8910.83, 9135.27, 9550.82, 11600.2, 16928.3, 28464.8 
9262.56, 7272.21, 7603.7, 8404.91, 9630.59, 9375.61, 9125.35, 9337.34, 9995.67, 11643.6, 17071.4, 28429.9 
6217.55, 6705.11, 8814.41, 8388.48, 10404.4, 8864.9, 9795.71, 9518.27, 9705.09, 11695, 16989.5, 28513 
7819.13, 8568.4, 8108.42, 10172.4, 9496.35, 9404.26, 9158.17, 9386.66, 9837.69, 11805.7, 16943.6, 28438.8 
7951.46, 11200.9, 8390.83, 8982.85, 8748.97, 10214.5, 9061.49, 9639.2, 9812.08, 11615.3, 16960.1, 28480.6 
9552.51, 9769.19, 10633.6, 9492.93, 9322.76, 8839.92, 9196.15, 9733.29, 9761.91, 11681.7, 16960.7, 28460.3 
12272.9, 9592.88, 12957.6, 9531.33, 9562.53, 9388.27, 9551.94, 9401.2, 9835.89, 11691.3, 16986, 28475.2 
8326.75, 8258.28, 9220.52, 9441.35, 8660.81, 8949.45, 9782.84, 9350.25, 9771.42, 11642.7, 17009.8, 28471.2 
12063.1, 11682, 9485.65, 9354.01, 9607.35, 9218.4, 9600.11, 9373.5, 9727.62, 11673.8, 16968.8, 28433.2 
5263.9, 6712.81, 9368.94, 8783.75, 9105.22, 9778.86, 9488.68, 9461.29, 9794.31, 11593.2, 16980.2, 28486.4 
13571, 10098.2, 6877.24, 9442.94, 9008.44, 9726.39, 9305.16, 9510.77, 9820.32, 11636.2, 16956.8, 28458.5 
6529.46, 8892.56, 9287.11, 9263.92, 10263.5, 9629, 9114.7, 9562.66, 9759.92, 11732, 16907.9, 28487.7 
10513.1, 10515.9, 8661.97, 8558.61, 8894.57, 9203.25, 9166.41, 9702.54, 9751.41, 11645.3, 17028.2, 28527.5 
8155.34, 12878.5, 8997.13, 9443.2, 8624.72, 9188.2, 9267.79, 9368, 9699.69, 11570, 16951.3, 28519 
8807.38, 10667, 8173.88, 9369.7, 9183.5, 9042.01, 9389.26, 9073.1, 9814.55, 11762.3, 16977.6, 28530.7 
7200.94, 10133.2, 9407.85, 10082.9, 9753.39, 9102.22, 9258.46, 9453.87, 9675.53, 11729.9, 16952.9, 28521 
11737.1, 14304.2, 9527.47, 8747.73, 9527.94, 9855.72, 9345.78, 9197.12, 9804.77, 11707.1, 17063.1, 28471.1 
10302.1, 7130.32, 9976.97, 8140.59, 8772.51, 9003.01, 9515.11, 9528.6, 9832.55, 11590.3, 16973.6, 28483.6 
8425.97, 10164, 10440, 8712.4, 9022.51, 9545.15, 9372.66, 9434.04, 9630.29, 11782.5, 16976.4, 28487.8 
10815.2, 11105.1, 9185.36, 8556.71, 9518.81, 9576.49, 9230.24, 9431.07, 10013.1, 11714.5, 16926.7, 28460.8 
11195.9, 9445.65, 8334.61, 8655.46, 10878.5, 9323.43, 8764.58, 9426.95, 9740.71, 11695, 16913.9, 28450.7 
12063.1, 9009.03, 8484.34, 9223.86, 8865.33, 9861.07, 9697.12, 9351.59, 9790.18, 11829, 16989.2, 28475.7 
8975.41, 9415.23, 7232.68, 8734.2, 9460.62, 8912.81, 9062.39, 9575.3, 9873.32, 11530.9, 16964.1, 28487.8 
9869.81, 11309.2, 11389.6, 9915.51, 9024.78, 9685.19, 9661.62, 9477.28, 9815.48, 11736.2, 16979.8, 28471.8 
15247.9, 9909.93, 9238.87, 9361.94, 8573.14, 9071.9, 8792.87, 9681.78, 9885.75, 11641.6, 16891.5, 28481.4 
15725.7, 9507.09, 7927.39, 9701.82, 8652.49, 10133.3, 9351.12, 9360.65, 9771.7, 11703.7, 16939.8, 28442.1 
12772.7, 8707.16, 9463.04, 8937.9, 9986.72, 8991.91, 9048.03, 9319.96, 9849.84, 11647.6, 16969.7, 28508 
7797.7, 10028.9, 9099.29, 10147.1, 8747.14, 9743.02, 9409.4, 9775.78, 9536.48, 11614.3, 16943.7, 28492.5 
6736.91, 8540.24, 10818.4, 9254.09, 9358.55, 10471.2, 9467.82, 9574.02, 9734.74, 11666.8, 16979.3, 28484.3 
6386.35, 8516.72, 8302.25, 9699.86, 9440.07, 9672.98, 9554.84, 9629.76, 9865.03, 11560.6, 16982.6, 28486.1 
8432.46, 10990.3, 8810.33, 8795.42, 9255.02, 9632.18, 9206.36, 9587.91, 9692.34, 11659.6, 17048.9, 28458.9 
6504.07, 14863.3, 9318.49, 8577.54, 9548.93, 10326.7, 8997.12, 9306.66, 9500.7, 11681.2, 16979.4, 28472.3 
7119.21, 7222.8, 10236.7, 10127.3, 9782.83, 9433.85, 9616.92, 9312.54, 9696.26, 11625.7, 16925.6, 28487.9 
6386.35, 7189.5, 8317.49, 9740.21, 9082.59, 8680.05, 9401.61, 9368.04, 9525.22, 11685.3, 16974.6, 28499.9 
7497.39, 6200.28, 10055, 10602.3, 8586.31, 9159.71, 9387.68, 9197.55, 9777.58, 11655.8, 16909.9, 28445.4 
6245.06, 7834.99, 10020, 8066.38, 9307.63, 9359.92, 9310.51, 9327.12, 9725.55, 11669.6, 16960.6, 28502.1 
8975.41, 9810.17, 8042.63, 7936.02, 9256.41, 9165.32, 9467.59, 9412.8, 9684.98, 11652.5, 16986.3, 28502.3 
9076.42, 8031.4, 7671.75, 9647.71, 9380.99, 9429.78, 9642.23, 9598.1, 9767.03, 11665.2, 17000.3, 28480.7 
14184.8, 9150.02, 9881.66, 9545.43, 10350, 10021.5, 9299.79, 9447.09, 9877.19, 11688.3, 16993.5, 28481.9 
6704.91, 10115.7, 8787.55, 7893.6, 9465.73, 9635.95, 9266.39, 9506.82, 9761.79, 11662.7, 16936.5, 28456.4 
15217.1, 10747.9, 8171.08, 11280.4, 9194.97, 9505.15, 9126.55, 9269.14, 9659.67, 11814.9, 17031.5, 28466.6 
8253.7, 8253.9, 11892.1, 8449.76, 8891.39, 8838.16, 9285.47, 9104.24, 9620.57, 11709.5, 16934.6, 28458.1 
9634.02, 10089.5, 10016.9, 8988.42, 10367.9, 9386.67, 9801.35, 9360.5, 9691.63, 11627.4, 16965.2, 28437.8 
8376.16, 9332.58, 7599.45, 9843.83, 10126, 9598.9, 9417.94, 9036.11, 9643, 11687.5, 17019.4, 28477 
11333.6, 11115.6, 10094.4, 8785.36, 8277.76, 9562.98, 9001.59, 9397.3, 9601.14, 11589.5, 16935.4, 28496 
8874.88, 9680.23, 9089.51, 7907.58, 8894.05, 10612.7, 9643.54, 9381.53, 9469.2, 11694, 16971.1, 28428.3 
12219.8, 10186.2, 9464.93, 8990.21, 8414.77, 9200.98, 9533.18, 9275.61, 9782.12, 11648.2, 17026.7, 28506.2 
10692.3, 10417.6, 9910.47, 9748.99, 9026.25, 9148.66, 9758.89, 9591.75, 9889.14, 11645.9, 16975.2, 28476.3 
7092.38, 9735.64, 9786.13, 8490.49, 8747.68, 9564.67, 9421.5, 9460.86, 9577.78, 11772.4, 16982, 28483.7 
6057.03, 13041.9, 8305.87, 8549.42, 9256.74, 9548.8, 9327.39, 9466.08, 9784.68, 11574.8, 16970.2, 28442 
10063.3, 9222.18, 9059.44, 10261.3, 9581.45, 9508.89, 9190.96, 9315.03, 9681.6, 11677.7, 17054.2, 28509.5 
9992.09, 9321.42, 8305.15, 10053.6, 9677.27, 9040.69, 9791.86, 9272.39, 9677.43, 11638.4, 17043.9, 28520.8 
8040.64, 9043.87, 9851.99, 9116.02, 10216.4, 8951.91, 9326.48, 9279.85, 9539.39, 11692.1, 16984.4, 28436.5 
