98
105
128
117
107
105
94
107
110
108
105
107
122
111
111
109
98
94
89
95
90
106
112
109
118
117
89
100
104
126
103
100
102
101
107
97
107
116
100
112
94
95
99
99
97
96
100
103
104
111
104
81
121
98
97
90
102
92
92
89
111
118
95
104
99
99
105
92
109
100
108
106
99
91
115
104
101
129
101
91
82
90
99
94
103
96
94
131
109
99
94
84
101
114
81
111
118
104
110
132
95
106
105
106
134
98
85
87
112
97
90
102
132
98
92
99
110
101
96
107
117
113
114
79
105
100
94
94
88
91
92
105
135
109
105
111
99
98
109
96
94
117
105
92
93
99
102
112
90
114
106
105
89
110
94
118
104
125
106
100
114
82
89
106
107
92
110
96
105
99
98
94
103
117
100
119
108
131
98
91
115
132
114
93
97
97
100
94
112
98
110
101
100
95
109
89
93
96
115
91
119
115
95
92
113
108
101
98
113
103
101
93
112
94
93
101
94
106
115
93
134
88
91
121
107
90
92
95
123
85
121
114
104
90
102
91
112
107
97
108
103
113
101
107
93
114
102
108
93
105
91
113
98
101
104
97
94
86
127
96
100
119
111
106
93
123
89
103
95
103
96
116
103
89
91
101
93
102
120
90
104
89
103
100
101
98
132
102
139
109
96
105
102
87
93
93
110
99
116
111
143
82
114
95
90
112
105
140
107
94
103
112
113
106
97
106
101
102
90
101
123
101
121
95
124
97
100
117
111
114
93
121
102
116
94
98
104
105
91
98
118
122
119
115
101
106
98
99
117
98
95
89
96
88
116
92
117
89
97
100
107
110
110
99
100
127
90
102
103
95
110
112
100
87
95
115
116
109
87
107
118
94
105
92
100
88
101
111
85
96
115
96
106
86
89
110
84
107
98
115
113
107
101
111
107
114
93
117
91
132
108
107
98
114
101
109
112
99
94
107
100
104
90
87
117
122
100
133
127
98
102
140
98
108
93
110
90
91
94
101
109
96
107
120
112
116
93
95
110
102
94
88
92
124
99
104
104
106
103
106
108
102
109
94
118
96
95
104
98
124
97
95
114
109
101
126
101
92
91
131
99
112
107
115
123
112
103
82
93
92
114
94
100
94
114
113
115
105
102
110
114
123
112
106
87
117
105
125
114
88
100
106
102
110
118
108
89
99
122
111
103
108
93
91
86
131
99
107
104
110
106
96
107
102
109
106
102
93
126
112
111
94
96
120
97
95
94
99
102
106
109
96
98
115
102
99
114
95
114
94
119
104
119
104
85
106
104
118
104
97
94
103
103
97
112
91
114
121
104
102
95
118
95
156
104
102
113
116
119
112
105
103
107
107
101
128
122
97
107
138
131
115
83
100
106
114
105
95
107
100
107
102
110
101
102
91
100
114
88
110
106
104
90
106
102
111
100
90
94
98
101
117
111
101
105
99
124
119
117
112
102
118
98
95
90
94
92
130
99
114
96
116
98
89
89
106
101
112
97
102
107
101
110
125
90
110
102
117
93
93
114
106
112
84
94
133
102
98
117
97
112
106
127
99
107
107
94
124
101
100
131
123
100
118
97
113
87
112
101
104
120
105
103
130
94
100
103
106
99
139
114
101
97
143
84
91
138
99
107
100
116
91
104
113
111
91
97
133
108
105
116
118
125
107
95
88
105
116
91
94
99
89
131
101
103
114
113
104
109
100
93
108
100
90
118
99
112
97
117
97
87
92
112
111
94
122
107
108
110
102
98
88
103
106
102
122
110
98
126
96
96
123
93
99
98
99
120
99
102
110
104
103
128
123
84
115
127
105
98
106
112
104
106
104
100
107
101
92
98
111
115
106
108
112
101
105
119
101
129
111
97
103
122
99
103
97
128
98
114
90
108
96
122
118
95
105
85
95
101
90
99
104
107
83
123
124
118
114
90
106
111
104
104
99
89
99
98
106
95
88
108
90
102
136
82
90
117
102
108
96
96
97
105
114
107
93
109
115
119
98
124
106
96
100
108
90
111
126
104
86
96
92
115
114
100
102
103
106
95
122
102
100
117
113
108
93
98
112
116
99
119
100
122
97
119
127
99
118
88
82
96
107
93
86
94
103
101
95
102
89
98
87
99
107
100
97
119
106
118
95
110
105
109
99
95
121
99
103
99
98
97
102
106
97
99
96
98
107
103
103
111
97
100
98
96
110
98
93
108
96
105
95
104
106
102
94
114
98
89
92
100
108
85
109
91
107
102
111
81
88
86
95
88
105
93
85
120
103
96
98
