32
37
38
36
37
39
33
36
28
36
34
35
37
33
28
30
32
29
32
36
34
30
36
35
30
34
30
29
31
47
31
32
33
31
39
35
29
33
36
29
32
36
31
32
40
30
39
41
37
30
31
37
34
30
41
30
33
37
31
37
36
31
33
41
33
32
42
31
32
30
36
33
35
26
32
41
35
41
31
31
37
28
29
29
34
34
33
32
33
34
38
31
39
27
32
41
29
28
30
31
31
33
29
36
32
32
29
35
33
31
36
36
39
31
42
34
32
28
32
31
32
32
36
34
36
31
30
35
33
42
30
40
34
37
30
27
29
34
31
33
34
32
33
32
34
29
35
32
32
32
33
45
35
32
36
34
27
32
39
40
40
30
28
33
32
41
36
28
33
32
34
32
34
31
33
36
33
32
34
34
42
34
33
28
30
38
29
35
36
32
33
29
39
35
31
31
28
30
30
31
32
39
34
35
34
28
28
31
33
30
32
29
32
37
32
35
42
39
31
39
32
36
43
30
33
32
35
32
30
34
33
31
29
34
37
31
27
32
30
34
37
33
28
34
33
39
36
36
41
31
34
31
40
33
38
30
36
33
33
37
39
36
30
32
40
32
46
28
29
36
37
43
39
35
35
30
31
38
32
36
38
38
32
32
37
36
40
41
30
37
37
43
36
34
40
33
40
43
33
31
41
37
37
32
33
30
33
35
38
33
34
32
39
33
37
41
33
32
35
30
31
32
34
38
33
35
33
30
35
31
32
33
39
32
29
32
32
38
30
33
38
42
32
28
48
28
34
39
30
28
33
35
37
40
32
35
31
29
31
36
30
34
45
30
33
38
30
33
29
34
29
33
29
31
33
35
42
30
32
34
30
29
41
36
31
35
39
31
31
29
34
32
43
33
29
35
35
30
30
32
36
33
32
32
31
34
33
33
39
33
40
34
38
30
34
36
33
38
28
36
40
37
29
32
42
36
30
31
38
34
38
31
35
36
35
32
33
34
28
38
41
33
35
28
40
34
32
36
31
34
35
32
30
30
43
28
31
32
44
39
36
30
44
31
39
33
35
35
34
32
34
30
33
32
35
44
37
36
30
35
33
30
32
32
35
39
35
34
35
33
37
36
36
33
33
34
38
44
33
32
48
29
40
29
41
33
37
31
35
35
33
27
36
33
35
33
35
32
29
32
29
31
33
31
35
33
30
35
36
45
34
33
43
34
28
32
34
36
32
37
30
36
34
29
36
31
32
34
33
40
49
37
31
29
41
27
29
36
36
30
39
32
34
29
33
34
29
34
42
32
37
32
36
35
34
35
36
38
34
38
32
31
33
32
30
37
37
30
35
31
39
34
31
33
33
36
32
35
29
29
31
43
34
33
34
35
33
29
30
33
30
32
35
39
33
35
35
36
35
28
41
38
36
36
32
34
31
34
33
34
37
34
37
35
29
34
38
33
33
29
37
35
35
32
34
34
32
38
35
31
30
27
31
32
34
29
35
38
33
34
31
31
34
32
31
29
32
38
34
31
32
35
34
32
34
37
31
31
31
41
35
31
31
32
36
31
39
30
30
33
31
36
30
31
33
36
31
35
31
36
31
31
31
31
35
36
30
30
42
35
36
34
34
28
31
33
32
36
40
37
38
35
44
35
31
36
32
37
36
33
39
42
31
34
34
33
32
29
36
36
34
33
35
31
34
31
32
30
32
35
30
34
37
32
34
33
34
31
31
33
43
33
36
31
32
30
33
31
29
37
31
29
33
29
31
36
40
30
30
32
32
32
44
34
34
28
33
31
31
30
34
32
37
43
32
39
31
33
43
35
32
31
32
41
32
34
33
38
29
34
30
36
34
34
30
31
28
35
29
33
33
38
50
29
28
34
29
30
30
33
30
37
33
39
32
38
29
27
33
30
33
39
29
32
42
33
29
37
40
35
29
30
30
29
36
36
39
30
31
30
39
32
37
29
43
39
38
28
32
35
30
27
32
33
41
36
31
35
33
39
39
33
36
35
32
34
31
40
43
33
32
31
30
33
36
34
37
33
29
31
34
36
33
30
34
32
32
40
29
34
37
33
39
32
34
29
36
35
32
29
32
29
33
38
32
31
41
27
37
32
31
34
35
35
38
35
39
29
33
31
29
34
30
40
29
33
28
36
32
39
32
30
37
38
36
35
36
31
33
34
35
34
43
33
34
34
32
33
36
28
37
39
35
35
38
57
29
37
30
36
32
37
35
29
29
30
40
38
30
36
31
31
31
37
33
36
32
31
27
34
