17
21
17
18
21
18
16
16
14
18
18
18
18
20
15
17
18
18
18
19
21
19
19
17
18
16
18
15
19
21
18
16
16
15
18
16
16
17
17
19
18
19
16
16
15
17
17
18
17
18
20
17
17
20
16
20
16
17
17
17
17
17
19
16
19
15
17
16
19
17
18
16
16
19
15
19
19
18
17
17
18
16
17
22
20
17
16
17
18
19
16
20
17
19
17
16
18
16
21
18
17
19
21
18
16
19
14
17
18
16
14
16
17
16
16
18
16
21
15
16
19
16
19
17
18
19
17
16
16
21
17
15
17
22
15
15
16
17
18
15
15
16
18
16
20
16
15
18
18
18
18
17
19
19
18
18
19
16
20
16
17
20
17
21
20
19
16
20
16
17
17
16
20
18
20
15
19
19
17
16
15
16
16
15
16
17
22
16
19
17
16
16
18
16
15
18
18
17
16
22
