47
51
42
45
43
43
42
49
47
49
45
43
49
52
47
56
46
50
45
42
48
44
43
49
44
41
44
40
43
47
51
49
51
51
47
51
46
46
47
49
41
48
44
48
44
47
45
49
50
42
49
47
57
42
57
55
43
46
39
43
49
47
41
54
43
44
45
44
42
48
47
43
53
48
49
43
49
43
53
51
42
44
45
47
50
46
55
49
53
43
46
43
46
50
44
42
48
43
43
45
50
44
42
47
45
46
46
49
49
45
43
41
48
52
43
47
45
55
46
47
40
47
44
43
47
45
44
48
42
59
50
47
42
46
46
46
46
48
41
44
56
54
47
49
54
46
46
45
44
48
50
47
44
43
44
41
43
45
42
51
41
50
45
49
48
45
45
43
50
43
40
40
44
53
46
43
58
48
41
46
48
43
48
49
45
49
43
41
48
51
41
54
47
41
41
40
62
43
47
46
