138
129
146
141
131
136
128
139
140
132
133
135
132
142
135
131
142
124
140
135
132
137
122
131
139
129
143
150
133
152
134
134
150
132
140
141
134
135
121
130
151
126
135
145
134
124
124
137
133
130
130
133
119
138
126
142
135
148
139
137
149
135
126
126
152
140
145
136
126
131
147
134
143
177
132
139
146
142
129
140
124
132
142
134
154
145
123
150
132
140
133
142
132
137
125
133
129
128
141
147
137
141
138
131
132
129
128
134
126
149
125
127
149
137
133
134
136
149
146
138
150
128
143
136
132
138
142
138
139
131
130
133
147
125
137
134
131
141
130
126
141
125
131
146
142
134
135
130
153
125
133
140
139
142
133
148
133
135
137
125
161
128
143
138
135
137
156
138
133
144
130
140
136
130
136
137
129
130
150
131
125
134
130
122
147
148
135
144
133
125
144
126
120
129
128
143
138
124
141
153
