38
44
40
41
37
39
40
43
46
38
39
47
42
36
39
38
43
39
38
42
40
40
39
38
42
46
41
36
42
47
40
36
39
44
40
47
43
42
43
46
40
38
38
39
44
44
39
38
42
38
40
43
43
39
34
46
37
41
43
41
41
45
36
39
46
43
41
41
40
39
36
44
34
39
43
40
42
40
43
37
39
46
37
39
36
39
36
43
42
41
40
35
41
42
44
39
45
38
52
41
39
41
39
42
43
42
44
48
43
44
38
43
45
39
39
36
40
39
38
40
40
41
38
40
36
36
39
42
42
37
40
39
42
43
40
41
39
41
37
44
43
43
43
39
36
44
42
40
39
38
35
38
37
42
42
38
42
48
40
39
39
41
43
50
42
40
44
45
38
46
38
34
44
40
56
42
46
37
42
44
46
39
44
42
46
39
38
38
39
42
40
41
37
44
45
38
45
45
44
39
