88
85
99
87
83
81
86
83
80
88
83
88
90
93
88
85
88
87
81
82
81
81
87
85
89
79
83
97
86
87
86
84
85
86
82
83
90
80
85
89
88
111
87
87
85
86
100
84
84
99
81
81
79
82
85
104
82
89
87
93
84
94
91
89
80
90
97
89
99
91
95
84
84
97
86
85
89
83
96
88
90
87
89
79
94
81
82
94
89
88
102
84
83
82
87
85
82
87
91
79
85
88
91
87
81
89
88
88
85
93
89
85
78
85
92
85
79
91
84
100
86
84
88
88
83
90
84
85
87
89
80
92
98
86
80
93
79
96
84
86
91
82
88
84
83
88
100
94
84
90
86
84
96
94
90
88
88
94
86
89
89
83
82
92
81
80
87
84
87
89
91
83
90
82
90
90
92
86
88
88
90
86
83
84
87
85
88
80
81
84
83
88
82
91
83
89
81
82
87
89
