40
46
41
41
39
43
43
39
36
38
39
42
37
37
44
39
43
39
38
40
39
39
39
42
38
42
46
38
35
42
43
41
40
40
39
40
45
45
41
41
42
45
39
37
39
35
43
44
46
36
40
37
40
39
38
40
44
38
38
41
43
42
40
39
43
40
44
40
40
42
39
43
41
44
38
40
46
38
39
44
43
41
40
43
38
41
45
42
41
48
37
41
39
43
43
41
38
39
38
39
45
36
40
42
46
39
40
37
35
45
34
38
43
45
46
41
41
46
37
37
41
40
35
41
43
35
41
42
40
37
49
41
49
43
39
37
37
42
42
42
41
39
41
45
35
41
40
44
43
39
37
40
42
41
41
35
42
41
38
44
45
39
39
42
48
36
40
38
43
40
37
42
47
41
48
41
45
44
47
43
37
37
38
44
39
38
40
40
41
37
38
39
44
37
42
48
44
46
41
40
