17
20
20
20
17
17
19
17
17
16
16
17
20
16
19
18
19
19
21
20
16
22
14
18
20
20
15
24
18
19
16
17
17
17
16
20
19
17
22
24
15
20
21
18
17
16
22
18
18
20
22
19
21
18
15
18
17
20
21
19
22
25
21
16
22
16
16
20
20
20
17
19
19
19
17
21
16
18
22
15
17
18
16
18
19
18
23
16
18
17
19
15
21
16
23
18
23
17
16
17
19
19
16
17
18
18
18
18
20
29
19
19
18
16
19
20
20
20
18
26
15
21
18
20
15
16
18
23
16
16
24
18
15
18
20
25
19
17
19
18
18
18
18
21
20
18
15
16
22
21
16
15
20
17
16
18
18
20
19
18
24
17
18
18
20
15
20
20
19
17
17
22
16
24
17
18
17
19
18
17
17
19
19
23
19
20
17
18
16
21
16
18
22
16
24
21
18
18
16
20
