155
149
156
174
163
153
149
143
154
153
161
153
164
161
151
148
155
147
157
150
166
148
165
151
168
158
146
157
144
148
157
168
169
150
145
145
163
160
155
150
154
161
158
145
135
168
159
156
151
165
168
149
147
166
151
168
160
165
164
157
149
153
160
150
152
165
170
151
171
157
150
147
157
167
163
143
169
162
155
150
177
150
157
157
192
161
157
169
155
146
158
151
160
149
142
154
172
151
155
173
149
149
165
181
166
150
156
146
156
160
148
151
156
166
161
188
159
151
161
158
146
163
160
153
161
149
166
164
151
150
147
159
163
182
163
160
150
149
153
152
148
163
149
151
178
167
152
150
150
148
169
150
152
155
157
146
153
162
151
153
148
161
154
163
169
155
156
153
146
152
158
153
149
143
146
155
159
140
155
161
181
162
149
160
151
158
149
181
160
151
149
149
168
158
153
158
157
160
156
187
