62
59
60
60
61
67
74
61
74
60
64
61
58
61
63
62
63
56
56
65
57
61
60
67
60
61
68
63
57
59
58
65
58
64
71
57
62
64
58
67
68
55
62
59
65
73
63
82
62
63
69
58
61
64
60
60
57
59
68
60
61
60
58
61
55
68
62
57
58
60
64
67
60
57
64
59
64
62
58
63
59
62
61
69
61
62
71
66
61
65
59
61
61
61
70
62
63
63
60
55
57
61
62
67
59
61
67
62
61
58
60
55
56
68
62
59
69
63
72
62
71
63
59
73
64
69
72
65
61
62
61
67
64
59
70
66
54
59
62
60
67
65
68
74
59
63
59
61
66
61
65
70
62
61
72
57
64
58
58
61
66
65
64
64
77
60
72
58
63
59
66
66
66
66
62
63
60
64
59
65
60
68
64
61
55
69
61
73
58
62
59
81
62
63
58
59
60
61
57
66
