16
15
17
15
16
15
14
15
16
14
14
15
13
13
13
15
13
16
13
15
14
14
14
13
17
15
13
17
14
14
15
14
16
14
13
15
16
12
14
14
15
14
13
15
15
16
14
14
15
13
16
14
15
14
14
15
13
13
14
15
13
12
15
14
15
13
15
15
13
12
14
19
14
14
14
14
12
14
12
14
19
16
13
15
15
14
13
14
15
16
15
18
13
15
15
15
12
13
14
14
16
14
12
13
16
14
14
13
14
13
14
13
15
14
13
14
13
14
14
14
15
15
20
14
13
18
13
14
14
16
16
15
14
16
13
16
15
16
16
14
13
16
14
18
13
14
14
13
17
15
14
16
13
14
17
16
13
15
13
13
16
14
15
16
14
15
19
17
12
18
14
16
14
15
14
13
16
14
13
16
15
14
14
14
15
13
14
14
14
14
15
14
13
13
14
13
16
13
13
15
