21
26
19
20
21
17
18
20
19
19
20
16
19
20
18
18
25
20
17
20
19
21
19
17
17
19
19
15
19
17
19
16
20
18
20
18
23
21
20
18
19
19
20
18
19
19
19
19
18
20
17
20
20
22
18
17
18
20
19
20
19
19
19
21
21
21
23
18
16
16
22
18
21
18
20
18
18
17
20
17
19
20
19
18
18
20
17
20
21
21
20
19
22
19
18
19
18
20
20
20
22
18
18
21
23
21
18
19
21
19
19
24
19
25
18
18
18
22
18
19
20
22
18
21
20
18
22
18
19
19
18
20
19
19
19
17
17
18
22
20
17
20
18
22
19
19
19
19
21
20
19
18
19
21
20
17
17
19
21
21
23
21
17
18
25
18
22
22
19
21
20
19
19
18
22
17
17
19
17
20
19
20
21
20
18
17
22
20
17
23
24
22
26
20
20
17
17
21
19
18
