3754
3783
3757
3774
3761
3759
3742
3735
3794
3731
3742
3732
3777
3834
3754
3796
3760
3741
3760
3724
3791
3763
3713
3820
3734
3807
3746
3780
3759
3730
3750
3753
3739
3779
3754
3800
3731
3711
3894
3825
3837
3725
3729
3832
3801
3747
3779
3809
3744
3734
3787
3738
3739
3796
3788
3757
3750
3704
3750
3768
3751
3796
3786
3752
3748
3804
3776
3788
3766
3785
3754
3809
3763
3844
3807
3806
3782
3786
3757
3866
3719
3772
3776
3760
3766
3760
3842
3738
3817
3753
3769
3813
3793
3752
3793
3775
3710
3810
3854
3706
3836
3755
3774
3758
3783
3733
3775
3740
3758
3737
3799
3777
3768
3783
3764
3854
3807
3736
3770
3757
3755
3766
3737
3717
3714
3884
3713
3801
3753
3809
3754
3711
3755
3729
3771
3729
3741
3770
3786
3739
3851
3713
3754
3746
3762
3768
3787
3830
3777
3762
3720
3794
3762
3787
3810
3729
3743
3731
3747
3757
3708
3704
3743
3777
3713
3746
3769
3803
3881
3728
3744
3747
3800
3769
3888
3769
3829
3795
3774
3746
3718
3743
3752
3767
3733
3795
3735
3730
3778
3771
3784
3774
3750
3725
3827
3711
3733
3748
3748
3757
