43
37
38
44
40
41
43
39
40
43
40
38
37
36
38
44
46
41
40
42
42
43
48
40
43
46
47
39
51
37
40
37
40
35
41
35
49
40
41
37
37
35
42
38
40
40
42
40
44
37
39
45
39
41
41
44
38
44
39
41
47
42
37
39
36
40
38
41
43
48
49
39
39
41
40
41
40
40
42
40
46
53
46
38
41
40
42
38
47
42
39
42
43
45
37
41
39
37
39
40
41
36
42
39
46
38
40
40
42
38
41
40
41
39
43
36
38
46
42
40
57
39
38
41
44
42
40
47
38
43
36
39
39
37
43
41
44
42
41
35
44
48
41
41
38
36
42
41
45
44
41
43
36
38
36
37
40
42
42
35
40
44
41
40
38
41
39
40
40
41
43
40
46
39
42
43
38
38
39
40
40
38
40
43
37
40
38
40
39
39
43
38
45
37
45
43
40
43
37
38
