124
117
121
124
121
135
134
111
118
122
112
126
139
110
130
115
123
113
126
133
116
113
114
134
120
142
131
118
137
153
128
123
115
121
124
123
135
119
143
118
115
120
114
123
145
143
120
113
125
127
131
119
126
129
147
128
132
131
135
167
124
132
142
124
114
124
112
110
122
123
122
133
123
117
110
125
125
119
124
122
138
124
120
138
116
133
124
118
130
139
116
124
126
118
117
128
125
109
111
116
113
124
144
121
113
119
114
129
128
124
132
124
107
108
145
140
111
152
133
126
126
116
131
121
113
120
126
122
111
135
132
119
117
123
122
120
136
117
113
120
118
115
126
138
128
130
144
126
114
116
129
125
117
128
124
117
122
108
117
127
119
108
138
131
132
128
122
120
113
141
125
118
122
137
117
109
119
163
114
121
147
108
133
141
128
114
123
108
126
119
141
132
121
116
120
135
119
124
126
128
