444
372
356
361
410
356
365
400
404
367
404
383
376
355
416
392
406
358
355
368
367
387
388
346
370
476
382
440
384
356
391
417
333
375
382
390
386
382
364
389
391
453
384
377
357
339
476
398
341
364
390
408
332
366
432
389
363
364
393
385
366
405
401
424
402
385
347
476
382
398
338
421
352
353
374
363
382
365
376
400
341
384
347
358
345
381
445
447
402
369
427
452
330
397
411
393
480
408
359
423
385
406
393
357
407
380
320
351
353
389
410
398
412
379
400
366
415
360
362
393
423
346
382
349
429
413
383
392
356
411
379
452
393
393
424
344
352
380
324
390
392
365
385
394
482
349
378
357
343
378
399
349
433
366
417
471
393
359
377
411
470
425
366
436
441
380
358
468
428
361
404
373
421
335
386
379
398
440
363
418
373
370
448
416
372
392
386
407
408
340
362
411
455
359
340
417
392
356
358
408
