483
497
495
506
474
470
483
481
481
491
484
486
493
491
477
507
501
483
495
483
481
487
476
482
496
479
483
497
485
473
527
471
482
475
474
473
485
481
502
485
499
502
482
502
470
486
485
485
505
471
517
492
511
506
497
468
497
471
469
476
472
495
502
503
491
510
522
488
507
475
489
499
491
471
480
511
499
496
485
479
491
489
483
521
541
481
480
491
472
480
476
491
478
488
484
482
470
485
481
477
483
499
488
487
530
484
490
496
502
478
482
489
508
493
476
488
518
487
482
500
499
478
503
508
508
483
502
506
485
509
489
511
512
484
489
483
486
501
468
480
507
474
496
482
479
497
476
489
470
473
484
488
495
499
484
474
472
476
495
498
502
472
507
505
490
480
502
481
473
493
480
487
464
484
500
481
473
469
520
488
485
499
496
476
472
491
486
473
487
482
469
469
489
480
516
487
491
512
501
491
