391
345
390
424
365
418
370
388
416
424
397
366
370
350
386
444
489
426
432
358
434
334
416
349
371
441
486
440
380
381
357
390
364
376
402
411
366
360
368
376
423
394
411
382
396
389
386
428
368
370
375
375
377
346
375
389
377
388
364
359
403
393
359
367
348
386
381
382
409
336
354
399
368
445
391
382
392
386
381
407
401
358
440
353
382
355
376
359
416
346
359
418
403
406
410
376
359
408
406
366
424
387
367
412
439
403
352
344
385
370
342
381
363
410
397
409
450
386
398
391
379
319
382
363
367
395
400
375
447
382
359
391
429
349
364
356
416
399
381
393
386
360
423
498
349
367
438
412
366
368
467
416
364
389
379
381
373
347
365
409
364
374
357
365
377
403
414
357
363
354
367
402
406
394
380
370
360
376
427
361
411
370
439
375
372
403
356
363
416
357
390
381
438
354
364
394
408
417
373
385
