43
40
37
40
46
40
40
44
45
39
40
46
39
45
38
39
44
39
43
44
39
37
40
47
39
40
43
40
42
44
36
42
37
44
50
38
41
37
41
47
38
40
41
44
42
43
44
37
42
40
41
41
45
42
40
40
39
45
43
39
42
40
44
42
43
36
39
41
40
39
48
40
43
40
37
38
44
45
47
46
42
41
40
42
43
37
42
41
44
38
38
38
44
39
45
40
41
44
46
39
40
43
41
41
39
41
40
42
42
40
41
40
37
42
39
38
41
47
41
43
40
40
46
42
49
46
39
46
43
39
42
39
44
40
39
44
46
40
40
42
38
37
37
42
37
44
41
36
43
38
42
44
42
42
38
41
41
42
40
41
40
40
38
40
39
44
41
38
40
42
46
42
42
43
41
44
39
40
40
38
38
44
40
38
39
47
38
38
42
37
42
40
43
42
39
37
46
45
39
43
