12
11
12
12
11
11
13
15
12
12
13
11
11
11
13
12
13
12
16
12
11
12
13
13
12
13
12
12
12
14
16
14
11
11
14
13
14
11
12
12
15
11
13
13
13
13
12
10
12
12
15
12
12
13
14
14
10
12
11
15
16
13
13
12
10
12
11
11
12
16
13
12
12
13
11
12
13
12
12
13
12
10
12
12
15
12
11
14
11
12
11
12
12
11
12
13
12
11
12
11
11
13
12
13
11
14
12
12
11
10
10
14
10
13
13
11
14
12
12
13
14
11
14
12
11
12
13
10
12
10
11
12
11
13
12
14
14
18
15
11
12
11
11
13
13
14
11
11
14
10
12
13
11
15
12
14
12
11
14
12
11
12
12
12
12
13
11
13
12
14
14
12
12
12
12
11
11
11
15
11
13
12
13
13
15
12
12
13
11
12
16
12
12
12
13
11
12
12
12
12
