403
400
427
397
416
400
396
401
386
419
419
385
399
390
391
400
399
419
409
403
406
396
398
412
388
414
412
388
416
396
396
401
399
402
406
400
401
439
414
403
406
396
411
411
399
409
380
394
394
401
403
407
415
398
407
402
393
396
390
402
397
409
402
386
397
387
404
389
401
402
403
387
403
404
411
441
396
418
389
400
417
387
404
395
434
397
394
399
401
397
394
399
397
411
407
393
402
431
383
410
393
403
411
400
390
432
400
402
403
400
398
393
413
404
401
398
406
399
402
400
405
395
413
393
410
393
423
401
411
396
427
397
390
404
436
407
414
410
410
403
407
407
402
414
409
391
407
411
419
390
400
396
397
402
407
399
412
398
392
394
403
389
409
397
393
407
399
396
400
401
406
405
425
398
440
384
405
411
397
389
391
418
390
404
403
406
414
392
404
404
411
424
409
394
401
432
408
406
388
410
