46
48
50
49
51
51
47
49
46
44
48
53
46
46
44
49
56
43
62
50
47
50
47
45
47
48
47
47
50
44
50
49
46
47
46
48
48
49
54
46
47
48
46
44
45
54
50
46
43
45
56
43
47
51
50
47
50
46
49
50
45
47
45
48
41
49
52
44
48
46
51
46
51
44
49
49
47
48
52
46
51
47
48
47
44
47
53
46
49
51
48
49
53
49
54
45
50
46
47
48
46
50
45
50
44
45
50
52
47
52
48
55
45
46
45
43
50
46
47
51
45
47
47
45
44
56
46
50
52
49
47
47
49
45
41
44
53
47
49
44
53
47
48
45
49
49
44
45
46
47
53
49
46
47
58
48
47
49
49
44
53
47
47
44
63
45
49
45
47
47
48
49
50
47
50
48
48
52
49
47
50
49
53
52
52
46
44
50
44
45
53
47
48
49
46
53
50
52
48
48
