256
232
221
259
240
231
242
271
244
227
237
250
237
224
224
227
243
242
246
234
237
248
249
289
229
240
235
231
232
238
226
224
238
241
233
223
227
227
241
222
236
243
240
229
224
235
241
253
236
253
236
239
232
228
255
234
235
231
221
243
226
233
228
221
220
237
247
235
237
244
235
246
230
236
234
235
237
236
246
235
232
235
235
233
243
239
271
241
248
241
229
232
233
235
234
248
239
234
252
256
246
235
229
239
228
237
241
239
230
235
244
237
247
231
252
226
228
235
238
232
236
229
251
269
226
231
237
228
241
264
228
254
241
240
242
229
241
230
234
238
231
231
235
237
235
238
231
252
238
245
229
221
217
247
247
238
225
235
248
232
235
253
228
240
244
236
242
246
244
246
235
224
246
221
240
230
244
252
251
240
238
232
223
249
239
247
223
238
235
237
268
243
232
225
238
230
234
241
236
241
