14
15
14
13
16
14
14
13
16
15
15
15
15
15
14
14
18
16
15
17
15
14
13
13
16
13
14
14
15
14
13
13
15
15
18
15
14
14
14
16
14
16
17
15
15
15
14
14
17
16
15
13
13
14
14
16
12
17
14
19
14
17
14
14
16
19
18
15
15
14
13
14
14
15
16
15
17
14
14
14
15
15
15
15
17
16
13
14
14
14
18
16
14
15
14
15
17
13
17
13
14
15
14
14
14
19
14
14
16
17
18
16
16
15
14
14
14
17
16
13
14
14
15
16
18
15
13
15
14
15
13
17
17
14
16
16
19
17
15
15
14
13
15
14
14
15
15
16
13
13
17
15
15
16
19
14
16
16
14
16
13
13
14
15
14
15
16
16
14
14
14
16
17
17
15
15
14
14
15
22
14
14
16
17
15
15
14
14
16
15
15
14
14
14
14
18
18
16
14
15
