360
380
368
356
353
381
355
361
369
346
380
344
373
370
357
348
357
354
350
362
346
369
373
353
369
363
346
378
358
350
365
354
351
388
360
375
356
360
349
350
354
368
358
344
348
373
373
355
377
371
354
367
359
351
362
362
352
368
365
359
345
356
352
353
386
347
355
358
342
346
365
351
347
375
363
352
355
354
353
355
345
367
366
370
362
348
375
355
359
364
367
378
367
358
368
350
352
356
357
368
354
365
349
369
373
369
369
371
357
371
377
357
363
352
358
361
362
376
362
381
358
364
363
362
373
390
366
340
338
349
359
366
348
352
364
350
383
380
362
371
355
379
362
364
357
357
363
353
365
345
378
358
360
370
366
384
369
361
369
360
385
365
347
357
369
354
368
381
364
340
380
363
372
348
353
361
357
357
359
354
369
353
355
384
348
360
379
357
364
352
364
364
359
368
380
373
406
357
367
360
