32
33
33
27
34
31
31
34
28
32
32
31
30
35
34
32
28
28
31
35
32
30
32
31
29
30
29
32
32
35
29
30
29
27
34
28
29
31
29
26
27
32
30
33
34
30
30
29
34
30
31
26
35
29
29
31
27
32
36
29
30
30
37
30
30
30
31
28
28
34
32
36
30
30
35
29
30
28
33
32
31
35
27
28
31
35
29
33
27
27
33
32
32
31
32
32
32
33
28
32
32
34
35
31
30
27
29
28
33
37
29
29
29
34
29
35
32
34
31
29
30
28
34
28
28
33
34
31
29
29
29
29
29
29
34
32
32
28
32
30
34
28
28
33
29
30
31
30
30
30
28
26
30
31
29
34
28
33
29
33
32
30
29
34
30
30
35
35
26
31
32
31
29
32
35
33
36
38
29
30
31
35
31
26
31
32
31
31
30
28
34
29
28
36
32
31
32
38
30
30
