725
749
755
747
739
765
738
752
725
779
744
766
755
737
748
763
779
731
774
759
733
733
738
736
754
730
760
729
734
738
744
720
744
709
774
757
729
726
739
786
750
724
737
747
731
743
722
750
764
725
763
728
732
754
747
745
743
764
738
744
762
739
763
791
759
763
773
740
735
776
757
739
740
752
755
746
739
741
726
803
756
763
735
745
739
730
773
751
767
763
732
779
761
737
761
758
749
738
756
753
756
732
720
721
832
734
724
756
736
755
741
748
744
757
755
798
747
735
778
754
757
740
715
756
757
725
779
739
731
722
744
773
731
730
745
726
752
745
727
771
746
737
726
755
782
731
729
760
746
755
744
737
716
746
752
748
756
745
737
784
722
739
777
734
734
752
782
768
741
765
764
753
715
750
745
731
760
759
770
764
781
739
766
757
740
734
728
750
747
741
737
738
745
772
744
777
726
752
766
746
