14
18
16
15
17
17
19
20
17
18
20
17
18
16
16
18
18
15
16
18
15
16
17
20
17
16
19
23
17
18
17
17
19
17
17
17
19
20
18
18
23
19
17
16
19
17
17
26
20
25
17
19
18
16
19
18
17
17
17
18
21
19
21
17
15
18
16
15
18
18
16
17
15
16
20
22
17
17
21
18
19
19
16
17
29
17
18
21
28
17
21
18
17
19
19
18
18
17
18
14
17
21
16
16
17
16
18
23
17
17
17
17
16
19
23
22
18
17
19
20
16
19
19
21
20
18
22
14
24
19
15
18
17
17
16
19
17
18
19
19
16
23
20
18
21
19
18
19
18
19
16
21
17
19
16
16
18
18
19
17
15
21
16
19
21
23
17
16
18
16
19
17
16
20
18
18
19
16
18
17
15
15
16
19
16
17
18
18
19
17
26
24
19
16
17
18
18
17
20
17
