79
78
76
81
85
82
72
78
78
79
75
73
89
79
79
76
72
77
80
86
80
78
81
75
79
88
82
84
79
78
79
88
76
80
80
84
84
81
92
87
83
80
88
86
82
78
79
82
79
78
83
84
75
83
91
75
77
75
78
76
74
76
83
76
91
92
74
84
75
83
86
76
80
81
77
88
76
80
78
85
81
82
88
74
80
84
80
78
85
82
78
87
86
83
91
79
83
78
84
81
79
76
83
76
85
82
88
87
78
85
87
84
82
77
84
85
81
82
79
81
81
87
78
76
80
77
80
87
84
77
92
83
88
84
74
84
95
73
83
77
81
79
71
78
84
76
76
77
80
81
84
79
90
78
89
77
74
83
79
76
79
83
77
83
77
77
83
90
86
85
84
83
94
85
76
79
90
81
77
88
79
84
79
77
78
81
81
84
84
78
78
93
77
78
76
77
76
78
84
82
