1292
1312
1262
1276
1282
1267
1308
1273
1301
1351
1246
1314
1293
1257
1274
1389
1269
1321
1254
1351
1274
1285
1329
1254
1263
1301
1331
1300
1265
1272
1338
1265
1266
1262
1281
1276
1276
1277
1273
1265
1245
1293
1280
1274
1265
1303
1275
1257
1260
1263
1311
1262
1280
1274
1268
1260
1243
1308
1265
1358
1268
1279
1316
1349
1266
1311
1278
1265
1315
1333
1280
1267
1318
1249
1364
1292
1265
1283
1295
1312
1266
1238
1239
1274
1269
1296
1294
1292
1266
1260
1321
1280
1332
1245
1248
1303
1312
1306
1266
1308
1233
1327
1282
1285
1327
1378
1270
1296
1263
1295
1307
1285
1299
1228
1316
1235
1277
1266
1270
1296
1319
1305
1286
1327
1321
1273
1265
1304
1394
1329
1262
1337
1298
1278
1337
1382
1274
1293
1300
1244
1265
1321
1306
1280
1268
1269
1343
1229
1302
1271
1337
1312
1286
1290
1290
1287
1254
1301
1289
1292
1265
1274
1283
1262
1295
1279
1313
1301
1297
1303
1331
1269
1288
1221
1259
1268
1252
1302
1278
1322
1242
1278
1277
1323
1305
1350
1294
1289
1228
1267
1314
1312
1298
1291
1295
1299
1286
1281
1336
1310
