45
49
58
50
51
41
47
42
43
44
44
49
47
45
45
46
43
45
42
45
41
42
46
44
46
42
49
44
41
54
38
49
47
49
42
47
41
40
50
46
50
42
51
46
44
46
52
46
43
43
47
43
46
46
46
49
48
51
45
45
45
53
45
46
50
52
47
49
59
47
40
43
46
52
49
40
49
47
45
40
41
46
47
47
47
44
45
44
49
51
51
48
46
46
48
44
44
44
43
42
54
48
43
48
48
47
50
44
42
46
46
48
46
49
45
42
50
44
45
46
49
46
47
48
47
43
45
51
43
42
45
45
47
51
43
43
44
43
50
44
56
42
44
48
42
51
47
43
45
47
52
53
45
47
46
51
53
53
54
43
47
49
47
43
50
55
44
50
53
46
39
51
46
47
41
38
47
48
53
44
53
39
42
48
45
45
45
41
46
52
50
45
48
44
48
41
46
45
41
45
