52
53
58
54
49
61
51
53
54
51
57
55
55
52
56
56
54
51
54
53
55
52
56
54
57
52
54
54
53
58
58
58
49
53
57
60
57
55
53
52
51
57
47
55
51
55
69
52
52
56
52
56
54
52
52
55
55
57
55
52
51
52
51
54
56
61
50
54
52
53
54
54
52
54
54
49
52
51
53
51
52
51
59
51
55
52
53
55
52
55
51
53
52
55
54
49
59
51
56
51
52
56
54
55
52
53
58
53
55
54
52
49
52
54
48
50
53
52
52
54
50
54
58
51
54
50
53
58
55
53
54
52
57
57
59
51
54
52
52
52
57
52
49
49
52
53
50
51
56
51
50
54
48
62
54
55
53
52
54
54
59
54
67
56
60
55
50
56
52
57
50
53
49
60
53
54
53
55
55
60
52
56
50
54
52
55
52
52
55
52
57
51
55
54
59
54
56
55
52
54
