37
36
43
37
39
41
34
38
39
36
34
40
44
36
38
38
39
40
42
37
40
40
41
41
39
38
39
41
37
36
37
46
42
45
40
41
40
35
42
45
45
41
36
37
49
39
39
36
38
39
40
37
34
37
38
39
36
40
41
42
40
40
41
43
41
37
42
42
38
40
34
43
36
37
40
36
37
35
37
38
41
45
36
41
37
33
41
36
40
37
45
43
38
39
42
38
42
41
43
38
46
34
37
36
37
38
41
37
37
38
38
39
35
39
40
45
37
36
37
40
40
39
39
36
37
36
36
42
40
41
38
36
42
37
38
37
39
39
35
42
36
34
43
42
36
45
36
43
48
37
42
38
44
39
40
37
41
44
35
38
45
35
40
36
38
37
37
42
37
39
45
37
36
38
40
35
39
38
39
37
39
39
38
46
39
35
34
40
38
36
34
39
36
38
37
37
37
42
39
33
