2525
2551
2487
2623
2601
2538
2490
2594
2500
2560
2485
2568
2528
2534
2614
2537
2510
2532
2537
2552
2553
2500
2488
2517
2546
2512
2511
2547
2520
2539
2568
2500
2483
2514
2500
2537
2513
2508
2562
2548
2541
2493
2465
2471
2531
2548
2545
2481
2548
2547
2501
2537
2592
2474
2496
2536
2552
2550
2526
2536
2521
2489
2522
2529
2488
2550
2489
2507
2488
2595
2498
2533
2527
2505
2580
2507
2490
2537
2529
2548
2512
2491
2552
2515
2539
2545
2597
2494
2495
2466
2548
2454
2534
2516
2522
2556
2504
2521
2543
2532
2471
2538
2530
2515
2507
2619
2510
2497
2513
2530
2521
2480
2471
2546
2501
2557
2541
2598
2499
2476
2552
2541
2534
2450
2503
2511
2485
2511
2529
2478
2513
2592
2493
2484
2545
2545
2509
2492
2487
2524
2569
2490
2529
2511
2527
2566
2518
2513
2539
2576
2545
2504
2489
2537
2495
2541
2552
2473
2562
2496
2507
2493
2516
2531
2469
2493
2487
2496
2521
2504
2566
2504
2491
2513
2527
2484
2534
2546
2507
2479
2494
2535
2457
2533
2471
2484
2518
2567
2529
2503
2448
2488
2472
2467
2528
2553
2560
2487
2513
2518
