15
14
14
16
14
17
16
15
17
13
13
16
14
15
17
16
15
16
15
14
14
16
16
15
14
13
14
14
15
16
13
16
13
16
14
17
15
15
16
17
14
16
14
14
15
16
15
14
14
15
16
14
14
15
16
16
13
13
15
18
14
15
16
14
14
16
14
14
16
14
15
17
14
14
14
15
14
15
15
14
16
14
14
13
14
14
16
15
17
14
16
14
19
16
14
21
17
14
14
16
16
15
15
15
13
14
15
16
15
18
17
16
14
14
14
15
16
15
15
16
17
16
16
13
15
15
19
15
16
14
15
15
15
16
14
14
15
12
16
18
14
14
14
14
16
17
13
14
15
14
14
18
15
15
14
15
19
15
19
13
15
17
15
14
18
14
13
13
15
16
14
15
13
13
14
17
13
14
14
14
17
14
14
14
17
14
15
15
15
17
17
16
13
14
14
15
17
16
14
14
