132
126
125
114
118
136
133
120
128
126
123
128
116
127
119
120
112
122
118
113
126
135
113
123
135
107
108
112
142
124
127
117
121
120
111
120
123
115
125
116
124
145
139
137
146
119
135
118
113
116
116
105
128
116
118
130
136
124
141
121
123
131
150
122
117
131
123
123
115
121
129
131
111
120
110
117
116
179
130
127
115
123
130
119
136
120
145
130
114
111
123
127
126
120
142
126
115
109
123
122
110
117
134
124
127
120
119
124
115
124
126
118
124
134
133
110
134
122
116
126
127
123
122
123
121
122
112
134
114
120
132
116
132
123
125
149
119
143
136
112
120
114
127
136
142
122
134
123
122
123
120
119
130
134
128
125
117
123
135
123
127
121
117
134
117
121
131
134
112
126
134
152
115
122
133
135
114
120
135
122
127
120
134
122
127
123
134
117
113
115
113
124
132
126
111
123
139
123
121
125
