374
355
358
360
372
349
363
353
380
449
377
352
408
387
429
380
361
385
358
422
398
365
380
365
403
367
337
379
401
400
433
432
431
499
409
347
428
419
449
379
449
515
387
403
399
377
371
364
339
348
356
356
450
413
376
357
331
412
385
365
358
405
369
408
366
406
350
421
388
379
448
363
378
403
420
376
349
358
357
388
393
359
353
412
407
357
351
427
436
433
357
372
394
364
357
360
356
455
394
426
388
416
396
384
419
400
391
380
375
358
387
381
405
371
390
417
363
383
386
376
352
356
414
396
390
392
415
393
393
371
340
370
451
416
396
373
410
371
372
368
366
410
346
366
363
398
382
380
425
413
371
355
367
378
364
358
351
377
374
456
408
375
349
366
398
376
350
347
435
360
383
404
379
391
440
355
361
364
370
394
364
406
360
369
421
375
390
378
420
392
366
350
425
351
364
400
389
383
419
354
