141
126
129
132
124
125
106
132
128
121
118
142
128
129
127
114
119
119
119
116
115
114
115
120
134
119
120
130
110
128
126
131
121
128
127
137
125
125
136
125
112
128
117
113
137
119
136
125
138
127
134
127
132
117
123
128
114
130
111
124
116
133
114
121
117
136
128
127
133
117
114
130
114
117
132
132
118
114
129
128
133
123
125
128
116
130
126
113
153
121
131
111
109
116
120
121
139
132
128
118
127
127
138
138
117
126
140
115
141
120
125
115
120
117
117
117
138
128
121
126
126
130
118
112
109
134
122
128
129
114
112
123
117
119
138
137
113
116
131
115
140
125
121
118
131
114
128
117
141
127
116
125
127
133
118
119
116
147
117
126
127
126
120
117
119
123
114
120
124
122
120
133
140
118
118
124
127
122
121
118
119
142
122
122
131
126
133
121
125
140
119
114
114
124
132
118
106
130
118
125
