241
237
246
241
243
236
234
243
250
235
260
268
250
241
254
249
263
264
242
253
242
246
258
239
237
257
274
242
236
267
231
241
264
253
285
251
245
250
253
263
250
244
268
264
276
255
275
284
237
248
273
278
255
246
247
258
264
249
267
268
259
271
244
248
239
263
250
255
251
242
254
244
244
256
273
234
256
266
241
244
238
241
254
251
275
250
246
288
245
247
265
255
262
243
250
231
241
247
250
227
233
238
260
232
243
250
240
247
249
251
238
240
256
257
274
255
248
246
245
246
243
250
232
251
254
273
249
260
246
248
253
239
248
248
253
259
237
245
244
229
236
257
263
284
271
251
233
247
240
238
252
250
272
243
239
244
246
254
246
240
251
262
258
260
241
295
244
261
263
244
267
237
247
245
246
242
246
267
250
270
236
247
256
243
270
246
249
249
257
266
226
249
248
258
255
241
248
299
243
235
