280
279
264
266
274
275
269
280
285
270
271
270
297
272
275
295
265
276
265
267
281
278
269
282
274
280
264
290
277
276
283
275
310
283
283
281
261
284
261
287
296
263
273
271
267
266
279
294
290
289
279
277
304
266
262
262
273
295
266
267
277
285
287
283
261
280
270
279
270
279
276
278
287
271
282
276
288
281
279
272
267
278
271
282
282
272
297
269
275
284
278
290
278
285
274
280
276
276
270
278
291
268
291
270
280
317
280
276
271
285
273
275
270
262
270
277
286
295
281
281
273
274
274
268
276
283
289
271
279
267
269
271
274
284
258
293
289
271
276
283
288
282
301
289
287
280
274
270
275
275
274
276
269
278
277
303
287
286
265
268
269
295
270
265
278
279
265
284
304
289
277
304
285
265
297
270
275
270
283
277
280
294
270
268
270
267
277
268
275
279
272
279
266
278
279
275
303
262
274
265
