63
61
62
58
67
79
66
58
62
58
59
60
57
69
65
59
60
59
67
59
60
64
53
66
59
60
66
61
62
64
57
60
63
70
63
61
68
59
60
66
63
58
60
60
72
76
63
57
68
60
59
71
61
62
66
57
60
67
62
71
61
66
62
65
66
58
70
66
62
60
61
58
67
72
70
66
64
70
60
55
66
62
64
70
55
70
74
60
64
63
58
61
61
70
63
62
58
65
66
66
63
59
60
59
54
71
59
61
60
64
65
62
68
65
69
71
61
57
63
61
63
64
63
58
61
65
71
64
63
64
61
63
61
67
56
65
70
72
64
62
61
61
61
61
59
59
58
61
63
69
65
63
65
59
64
60
65
60
62
56
63
63
72
70
59
67
61
63
62
69
60
73
61
62
66
61
59
61
67
58
61
67
60
62
71
61
62
63
74
56
72
54
64
57
58
63
65
71
62
68
