12
12
15
14
14
15
13
15
12
15
15
16
15
15
13
14
12
16
15
14
14
15
14
13
14
14
14
14
14
15
15
15
15
12
15
14
15
13
14
13
15
15
14
12
17
13
14
14
14
15
13
16
13
14
14
19
13
14
16
15
14
13
16
13
14
14
15
13
13
18
18
14
14
14
15
17
16
13
12
15
14
12
16
13
15
15
13
15
12
17
16
14
15
14
13
12
15
16
13
13
13
15
13
14
13
14
14
14
15
15
16
15
14
13
14
16
14
14
15
13
16
14
13
14
16
15
14
15
14
14
16
16
13
14
13
13
19
12
14
17
15
14
14
15
18
14
15
14
13
15
14
13
18
13
17
15
13
15
15
14
14
15
13
13
16
13
15
15
12
13
15
13
16
15
13
15
14
14
17
13
14
16
17
13
13
15
13
15
17
13
14
14
15
16
13
14
15
16
14
14
