19
23
22
18
18
17
18
19
17
18
23
17
20
17
17
18
21
17
28
24
19
19
22
23
19
21
20
18
18
19
20
24
19
20
22
20
19
17
19
18
25
20
22
19
18
21
22
23
19
18
22
20
20
22
18
19
22
20
20
20
18
17
20
19
23
18
22
21
23
24
24
19
21
18
22
20
20
26
16
24
19
20
18
20
19
22
18
19
19
18
19
19
19
17
22
25
19
19
26
18
19
24
19
20
18
18
20
20
18
20
20
19
19
18
20
18
20
19
20
18
17
24
16
21
22
18
26
20
16
20
21
20
21
17
21
19
17
17
22
21
22
17
22
19
20
22
19
19
19
20
27
19
23
21
24
21
19
15
19
17
19
20
18
20
21
20
16
19
20
17
27
21
16
21
17
21
19
19
19
23
17
19
21
19
17
19
22
25
19
17
22
19
21
19
24
20
24
21
22
22
