18
17
17
16
16
16
15
16
22
19
18
17
19
18
17
17
18
16
17
18
20
15
18
17
16
17
18
18
15
19
18
16
17
17
20
19
17
18
17
16
19
18
16
17
16
16
14
22
16
18
17
16
16
16
17
16
18
17
19
16
16
18
18
17
18
17
18
17
18
21
16
17
19
18
17
17
16
19
18
16
18
17
18
17
19
15
19
17
17
18
15
16
17
18
17
16
17
16
17
17
18
20
17
17
17
20
17
16
17
18
19
17
21
22
18
18
16
19
17
19
17
16
19
18
15
15
18
16
24
18
16
18
15
19
18
16
16
17
17
17
16
17
19
15
16
18
16
17
17
18
16
15
17
18
17
17
19
19
20
18
19
18
16
17
19
19
19
16
17
18
18
20
15
19
21
15
17
16
16
17
20
16
16
15
18
16
16
15
19
17
16
17
18
16
18
16
20
15
18
20
