32
32
34
35
34
30
29
29
29
32
34
28
32
27
34
34
29
34
28
31
37
33
31
33
34
29
29
28
30
28
29
32
32
31
38
28
31
29
29
35
29
41
28
28
30
26
29
29
29
27
29
30
34
28
38
29
30
35
31
34
28
35
31
29
29
29
31
34
31
32
32
33
27
30
30
30
29
33
28
32
30
34
35
28
32
33
28
30
32
33
28
28
30
35
28
30
32
30
29
31
32
28
32
27
29
27
33
29
31
34
34
33
35
30
33
29
30
32
28
29
28
29
30
31
33
28
28
29
33
35
26
29
32
32
32
29
29
28
31
31
35
32
30
29
36
29
30
27
31
30
28
31
27
30
27
32
29
30
28
31
35
26
33
34
29
34
29
34
29
32
30
29
32
29
30
29
30
34
28
36
32
31
29
26
27
27
31
31
31
37
30
34
30
31
28
30
29
31
33
31
