30
35
22
25
24
20
27
19
24
26
24
23
23
28
24
29
34
27
21
36
24
22
28
34
24
27
26
20
18
23
29
23
29
25
25
22
25
26
25
34
33
23
30
29
31
28
25
28
21
19
22
25
25
21
29
25
27
26
20
24
21
22
29
21
28
27
23
24
23
25
27
19
18
30
24
25
19
27
29
26
27
26
32
25
25
32
38
32
25
29
29
27
20
30
26
22
29
25
25
18
26
23
23
32
25
28
28
19
21
26
26
37
22
20
23
30
39
25
22
29
32
23
32
21
26
37
22
24
37
27
25
32
20
31
26
24
24
35
29
43
24
23
23
26
27
26
27
27
26
28
21
22
24
28
25
20
21
25
47
27
22
23
20
20
32
28
28
27
25
32
28
21
23
17
30
22
23
18
19
23
28
36
30
21
25
25
24
34
31
24
21
24
27
22
30
27
24
25
36
23
