20
35
21
28
46
30
22
29
29
34
33
25
31
27
31
18
21
31
21
32
28
31
31
25
24
29
21
23
22
26
28
35
29
20
29
22
21
39
30
37
22
24
31
18
23
30
22
21
26
24
29
17
34
22
28
22
34
22
35
23
22
26
27
28
32
31
40
29
23
28
22
20
25
23
29
21
33
22
25
30
25
27
26
26
40
33
20
18
22
30
33
35
21
30
24
25
33
26
26
30
24
25
27
22
32
25
18
21
30
22
26
35
23
19
23
29
27
24
26
34
28
27
21
20
22
25
27
30
22
26
25
30
21
27
42
28
25
24
25
24
24
27
22
18
22
26
19
26
28
27
29
30
20
30
29
25
25
25
25
24
26
23
26
27
23
26
23
24
17
27
26
23
25
27
25
24
17
19
23
20
27
22
27
25
27
22
24
29
31
34
23
24
27
22
28
27
34
31
21
22
