21
23
27
30
33
30
23
25
21
26
25
22
21
22
23
29
27
30
25
19
27
22
27
31
25
30
29
42
21
26
18
25
28
28
29
32
27
20
23
32
26
29
25
34
24
28
23
24
34
22
28
29
19
22
29
31
24
30
41
24
30
18
20
23
22
23
25
24
22
23
21
24
23
26
19
28
38
23
18
29
22
22
23
28
30
26
27
25
27
28
22
23
29
26
32
26
27
27
30
33
35
23
23
25
19
20
25
26
34
25
19
29
26
17
26
19
25
34
19
27
30
25
22
26
24
29
26
25
23
33
22
27
23
22
27
24
26
28
30
32
24
25
26
22
26
21
23
31
23
26
25
28
26
29
26
24
20
25
31
34
22
27
25
21
39
21
36
21
26
30
28
26
29
29
26
24
30
24
33
24
30
19
23
22
26
20
28
27
18
29
22
32
39
31
26
23
27
23
28
28
