24
22
26
25
28
39
26
27
31
21
27
22
21
27
24
28
27
20
21
24
27
23
22
20
23
31
19
30
20
25
22
25
32
22
21
31
19
25
29
26
23
27
33
38
28
26
32
36
27
25
30
24
23
19
22
29
27
24
26
25
31
26
25
32
28
23
28
32
22
29
28
25
20
23
24
28
23
22
25
26
29
25
22
27
23
22
26
31
23
25
32
25
23
20
27
29
27
25
38
44
26
24
25
32
23
22
26
23
24
21
28
29
24
22
22
37
24
25
24
20
27
23
30
24
26
21
30
26
25
30
29
21
29
27
23
22
24
30
19
33
21
33
27
28
27
24
25
23
20
23
25
28
24
21
26
21
25
29
22
27
25
22
32
21
25
22
29
22
19
28
21
37
30
25
24
27
30
22
20
28
31
25
33
23
26
23
34
28
29
24
33
25
23
23
29
27
22
30
26
22
