30
25
28
33
33
24
24
25
20
24
26
28
25
26
29
18
33
23
21
36
27
28
31
28
29
39
25
38
23
26
29
26
26
36
24
23
20
24
19
21
20
21
29
26
38
22
26
22
28
26
16
24
23
22
25
22
30
22
23
19
24
34
35
19
23
25
35
21
21
32
26
37
30
24
20
27
23
29
23
35
25
24
35
26
28
22
33
31
29
30
24
20
23
29
31
24
18
24
26
23
33
30
27
29
30
22
28
29
29
25
20
19
31
29
32
38
28
21
20
21
28
26
37
20
33
26
34
25
19
19
23
24
23
27
28
27
26
24
26
22
21
22
29
21
25
29
27
23
29
35
34
30
24
26
23
36
24
21
25
27
19
24
24
22
36
19
23
29
22
25
31
28
22
36
22
27
30
41
21
23
31
28
23
26
20
32
21
29
24
29
20
19
27
36
25
24
21
23
28
22
