20417.8, 25256.4, 18363.6, 20609, 23548.8, 23189.2, 23614.5, 23158, 23488.7, 23705.2, 26656.1, 36479.5 
31019.4, 17388.4, 24182.3, 25337, 22935.6, 23982.5, 23606.8, 23696.5, 23062.3, 23426.5, 26457.1, 36584.9 
26350.2, 21857.4, 24820.1, 22835.4, 23433.9, 21286.9, 23623.5, 22480.8, 22787.7, 23773.7, 26475.6, 36528.2 
34424, 27321.8, 19131.6, 23870.7, 21884.4, 23200.4, 23102.6, 22880.1, 22759.3, 23201.4, 26445.3, 36577.5 
17865.6, 20310.4, 21193.6, 21527.5, 22004.6, 21441.6, 22557.9, 22535.7, 22658.6, 23362.8, 26419.3, 36566.8 
18036.8, 19457.1, 17750.5, 22825, 23130.1, 24005, 22907.3, 23478.1, 23218.1, 23333.9, 26408.2, 36535.4 
21181.5, 22553, 22314.5, 22030.9, 23915, 22907.9, 22558.4, 23090.2, 22460.5, 23805.2, 26342.3, 36623.2 
24413.1, 24566.6, 20237.2, 24194, 24015.5, 22764.5, 23409.9, 23513, 22514.8, 23318.1, 26682.6, 36437.3 
21453.2, 27513.6, 23335.1, 25810.5, 24237.2, 21755.6, 22561.7, 22770.3, 23606.6, 23550.8, 26442.7, 36617.5 
21881.9, 31350.5, 27455.4, 25460.5, 24319, 23036, 23050.8, 23316.2, 22932.8, 23223, 26544.2, 36561.1 
14621, 35593.9, 21293.4, 19761.6, 23506.2, 21440, 23588.9, 22397.8, 23065.1, 23300.3, 26463.9, 36508.7 
26258.3, 23364.1, 23994, 21687.3, 20962.1, 24677.7, 22882.1, 22372.3, 23612.5, 23265.7, 26689.4, 36579.9 
32633.1, 24011.7, 17550.8, 19787.8, 23395.7, 22765.4, 21598.4, 22750.5, 23158.8, 22980.8, 26617.9, 36686.7 
34635.2, 25855, 17309.4, 21696.6, 25331.3, 22785.9, 21765.6, 22493.1, 22919, 23305.2, 26396.8, 36559.7 
20679.6, 21456.4, 22630.3, 24732.4, 21556.2, 21949.7, 22306.5, 23185.3, 22947, 23219.4, 26423.8, 36607.5 
18240.8, 23901.3, 24550.4, 22585.4, 23866.8, 22703.5, 22619.3, 23210.3, 22995.1, 23854.1, 26614.9, 36619.9 
21871.3, 28731.5, 21860.9, 22296.2, 23567.1, 22483, 23268.4, 22857.8, 22880.8, 23576.2, 26465.6, 36623.1 
33604.4, 19072.3, 23896.9, 25508.7, 22180.2, 22000.8, 21973.7, 22207.4, 22757, 23137.6, 26473.5, 36566.7 
18152.8, 22985.2, 22215.6, 22649.3, 22844.8, 23913.7, 22564.6, 22668.3, 23247.9, 22849.1, 26496.5, 36617.4 
23820.8, 25033.4, 24602, 25186.6, 24117.3, 22021, 22942.3, 24616.8, 23475.6, 23243.3, 26432.6, 36555.7 
19235.2, 27349.7, 21786.9, 28863, 23098.6, 22992.9, 23507.8, 23081.4, 22283.2, 23480.5, 26542.3, 36557.7 
24519.1, 29641.9, 24752.3, 22259.4, 22196.5, 22129.8, 22424, 22458.5, 22874.7, 23277.5, 26570.1, 36537.1 
25430.3, 21898.4, 28508.2, 22469.7, 21316.4, 21477.6, 23338.6, 22503.4, 23565.1, 23054.3, 26339.1, 36482.6 
29870.5, 29052.7, 23778.2, 23456.2, 21701.4, 22044.5, 23277.4, 22863.1, 23451.8, 23375.2, 26488.1, 36549.8 
24653, 23671.5, 24079, 22631.1, 25318.4, 23601.9, 23529.4, 22121.6, 23547.8, 23358.9, 26521.4, 36557.2 
23720.7, 24107.7, 22301.5, 26904.5, 24258.5, 22169.5, 24062.5, 23016.9, 22708.7, 23077.1, 26690.2, 36662.1 
16130.1, 24719.2, 24300.4, 22764.7, 21459.1, 22418, 21526, 23108, 23280.5, 23299.1, 26416.1, 36569.5 
24626.1, 16040.4, 24140.1, 20501.2, 23859.1, 22379.5, 22686.2, 22819, 22842.9, 23184.7, 26592.3, 36545.2 
18091, 17108.6, 16653.9, 21312.5, 21705.5, 23486.9, 24175.6, 23037, 22543.6, 23431.4, 26533.4, 36536.2 
21465.9, 24618.4, 20784.2, 25737.8, 28826, 25284.5, 24121.9, 23101.8, 22714.8, 23126, 26408.7, 36580.1 
22139.3, 17771.6, 22291, 23711.5, 24616.4, 23781.4, 23959.5, 23166.2, 23574.9, 23300.8, 26512.3, 36573.7 
23301.6, 19344.4, 21612.6, 23077.4, 23085.5, 23408.7, 23253.6, 22739.9, 23628.7, 22944.7, 26394, 36503 
33184.6, 18379.1, 24053.2, 29502.8, 22764.9, 24358.2, 25488.9, 22468.9, 22763.3, 23186.4, 26462.5, 36617.1 
25778.7, 26759, 23226.8, 25705.9, 20526.6, 22849.7, 22555.6, 22707.5, 22827.8, 23623.8, 26351.2, 36554.7 
25147.1, 29866.6, 16806.1, 21291.2, 22530.4, 23387.8, 23498.1, 22629.1, 22766.9, 23223.1, 26587.5, 36628.1 
20234.9, 31540.7, 22927.4, 20654.5, 20696.9, 22833.2, 22829.5, 21974, 23422.4, 23248.2, 26375.8, 36557 
33504.6, 23876.9, 24859, 26969.7, 22335.3, 21901.4, 21210.6, 23638.6, 23476.2, 23611.1, 26426, 36643.2 
15936.6, 19280.7, 24991.2, 23362.1, 21797, 24884.6, 22905.3, 23896.3, 23123.2, 23301, 26541.5, 36593.9 
28585, 21098.3, 23221.2, 25617.2, 22830.4, 21701.6, 22402.1, 22802.8, 22869.3, 23386.4, 26568.4, 36615.8 
23510.8, 26305.7, 26042.8, 21257, 24026.9, 23801.7, 24414.1, 24094.9, 22910.8, 23113.6, 26464.1, 36617.3 
19169.9, 21126.9, 24431.4, 23877.4, 24613.9, 21379.9, 23336.4, 23464.5, 23123.3, 23281.9, 26583.1, 36446 
17879.8, 19201.5, 21686.5, 23656, 25206.2, 23996.5, 22847.7, 22510.6, 22701.2, 23426.7, 26575.9, 36585 
20298.5, 20798.1, 19844.7, 25340.4, 25493.3, 22839.8, 22393.8, 22966.6, 22906.1, 23352.9, 26422.3, 36586.6 
11810.7, 24840.6, 21132.7, 26246.2, 21407.3, 21398.1, 23341, 23122.9, 23537.8, 23082.9, 26437.3, 36669.8 
11410.9, 18214.5, 17594.4, 23115.6, 21731.9, 21867.2, 22391.2, 22862.2, 22768, 23509.2, 26397.5, 36566.9 
26756.1, 24358.7, 16941.5, 23531.3, 22912.2, 22421.4, 22833.6, 23420.1, 23269.4, 23234, 26440.2, 36704.9 
22833.3, 19955.2, 17173.9, 19342.6, 23055.6, 22367, 22961.7, 21950.8, 22887.2, 23442.1, 26561.6, 36616.4 
19235.2, 20344.6, 31452.8, 19729.1, 19692.8, 23302.5, 23482.1, 22883, 23050.8, 23123.4, 26640.5, 36617.6 
18693.8, 17459.8, 19970.7, 25602.2, 22509.7, 21524.4, 22289.3, 22823.9, 22977, 23722.6, 26502.3, 36560.9 
20604.1, 19408.7, 20197.5, 22818.2, 23710.3, 23703, 23251.3, 22881.5, 22397, 23280.4, 26518.8, 36629.7 
15382.9, 26895.6, 20279.8, 24877.4, 22967.9, 23144.6, 23779.3, 22814.5, 23265.9, 23178.8, 26396.5, 36582.1 
17965.1, 22283, 23510.9, 23570.3, 23421.1, 21366.8, 22189.5, 23057.7, 22586.8, 23175.4, 26437.7, 36623.1 
14220.5, 20642, 21684, 23264.7, 22390.8, 21938.8, 22985.1, 22317.1, 22882.6, 23231.7, 26402.8, 36542.9 
23425.4, 30213.9, 24115.7, 22838.6, 25305.6, 20574.5, 23199, 22950.7, 23023.8, 23482.5, 26537.5, 36513.1 
48252.4, 29698.3, 16676.9, 24430.1, 23128.9, 22919.8, 22392.3, 22992.8, 22609.6, 23051.1, 26614.3, 36567.3 
28369.5, 18473.5, 26207.8, 22464.4, 22577.2, 23273.2, 24020.2, 22487.4, 22744.5, 22988.6, 26359.3, 36584.6 
30260.8, 16377.8, 18132.7, 24042.2, 25643.5, 22955.7, 22793.8, 22941.2, 22772.9, 23208, 26664.8, 36520.6 
43090.5, 18902.8, 25433.7, 25991.3, 21683.9, 22148.2, 23795.9, 22675.5, 22994.6, 23385.6, 26390.8, 36666.1 
19400.5, 31131.4, 20601.9, 24913.7, 21715.2, 23222.4, 22471.5, 22875.6, 22980.1, 23560.7, 26496.8, 36557 
19008.5, 24011.7, 20577.4, 18726.2, 24788.2, 23240.6, 22852.9, 22729, 22900.1, 23429.8, 26320.9, 36513 
29708.4, 33268, 20626.5, 23430.8, 25074.4, 23687.6, 23097.8, 23268.9, 23285.6, 23409.2, 26475.5, 36596.4 
29870.5, 22706.3, 17625.6, 27075.2, 21896.5, 21633.5, 22479, 22529.4, 23422.3, 23310.3, 26617.2, 36609.7 
16953.6, 21242, 23607.1, 23501.5, 19720.1, 24559, 22285.5, 22377.7, 23525.2, 23556.8, 26497.5, 36590.2 
19501, 18018.1, 18931.7, 19445.4, 22788.1, 23605.1, 21740.3, 23572.5, 23178.3, 23357.6, 26572, 36579.7 
29403.8, 19752.9, 18564.3, 23720.7, 23672.2, 24693, 23119.2, 23672.7, 22642.5, 23275.7, 26640.3, 36420.2 
16411.4, 17453.3, 20212.5, 22915.2, 21970.9, 21627.7, 23017.4, 23412, 22873.3, 23062.8, 26755.8, 36552.4 
28369.5, 20798.1, 23356.5, 24736.4, 22602.5, 24212.3, 23030.8, 22823.9, 22704.9, 23555.5, 26494.5, 36500.7 
23510.8, 22084.5, 32791.3, 22099.9, 21858.9, 22087.2, 22285.1, 22219, 22575.9, 23687.5, 26543.9, 36587.5 
18329.7, 31224.9, 20059.1, 27673.3, 21919.3, 22575.5, 22152.7, 23503.2, 22951.8, 23552.1, 26503.9, 36480.2 
15812.4, 19853.5, 21624.9, 23209.2, 23090.6, 23477.1, 22092.8, 22074.5, 23095.2, 23884.6, 26676.1, 36576.1 
38210, 20807.3, 20324.7, 21383.7, 23393.6, 23926.3, 23232.7, 23414.9, 22809.5, 23623.5, 26475.5, 36550 
32822.9, 23791.9, 25306.9, 21588, 25346.4, 22334.4, 22588.2, 22904.3, 22966.8, 23189.8, 26518.1, 36652.5 
19334, 24408, 24878.5, 23501.1, 23336.2, 21274.3, 23303.1, 22550.7, 23211, 23409.7, 26442.7, 36480.7 
14328.8, 21837, 24151.6, 23980.3, 22376.8, 21793.3, 22737.3, 22654.2, 22937.9, 23379.7, 26618.8, 36505.2 
19400.4, 21877.9, 21282.7, 22282, 23967.2, 25652.9, 22959.5, 22869.5, 22783.7, 23317.1, 26437.7, 36666.9 
19008.5, 19870.4, 18591.5, 21415.9, 21624.2, 24879.4, 23266.2, 23346, 23177.7, 23731.4, 26381.5, 36525.5 
21465.9, 19845.1, 24249.3, 22780.3, 21998.6, 23392.7, 22703.8, 23065.9, 23353.9, 22982.8, 26652.4, 36650.1 
17519.1, 20692.3, 22700.5, 21923.3, 21020.7, 22840.2, 24034.2, 23260.4, 23187.4, 23167.1, 26577.4, 36622.5 
30434.1, 25957.2, 22743.9, 20997.8, 22523.9, 23027.6, 23124.5, 24067.3, 22955.9, 23398.9, 26687.6, 36698.4 
22902.8, 17990.3, 19751, 23740.8, 22733.7, 22717.2, 22614.8, 22354.8, 23054.7, 23426.4, 26510.9, 36614.8 
15176.2, 20778.2, 19671.4, 21191.3, 20327.7, 22560.8, 22810.5, 22936.6, 23105.3, 23117.2, 26413.1, 36537 
19878.6, 22839.3, 25894, 23175.1, 25163.9, 23092.7, 23576.1, 22231.9, 23353.9, 23232.8, 26635.3, 36601.4 
26598.5, 23864.7, 26955.7, 21878.3, 25252.8, 21953.5, 21937.1, 22990.8, 23340.9, 23404, 26416.4, 36668.8 
17004.6, 21146, 24450.2, 27948.2, 23140.5, 22332.7, 23781.5, 22934.3, 23348.1, 23550.8, 26478.7, 36530.1 
29025.9, 20407.9, 20791, 25026.6, 21538.5, 22879.4, 22437.9, 23638.4, 22843, 23327, 26321.3, 36574.9 
17979.4, 22147.2, 29617.3, 22783.7, 21423.8, 21503.4, 22270.4, 23499.3, 22694.7, 23051.8, 26444.7, 36587.3 
30599.1, 20642, 16621.9, 23792.3, 21937.5, 21404.3, 23336, 22615.9, 23090.9, 23449.2, 26718.1, 36576.1 
18509.9, 23201.8, 24880.2, 19766.5, 22462, 23602.5, 24309, 22050.9, 22609, 23704.6, 26332.2, 36508.3 
21860.7, 25914.1, 19687.7, 22764.1, 23578.1, 22813, 22720.4, 22932.8, 23324.6, 23606.5, 26492.6, 36691.2 
36659.3, 24827, 26164.5, 21850.3, 24707.7, 23888.4, 23605, 23875.7, 23217.9, 23514.6, 26358.4, 36668.8 
22833.3, 23053.2, 22010, 25464.7, 24765.1, 23486.6, 23115, 22901.4, 23189.9, 23276.5, 26557.7, 36548.4 
22226.5, 23999.4, 19706, 24041.1, 25463.1, 23771.8, 22176, 23433.6, 22821.1, 23335.6, 26621.9, 36535.7 
16802.2, 16608.9, 21531.9, 21274.7, 22565.2, 22902.3, 23856.2, 22177.6, 23085.9, 22869.7, 26620, 36556.7 
19878.6, 24933.3, 25372.7, 26947.9, 23114.5, 23918.7, 24331.1, 23607.3, 23363.2, 23714.8, 26451.7, 36608.6 
18810.6, 23570.1, 21716.2, 24430.9, 24338.1, 23526.6, 23494.8, 23361.1, 23079, 23616.5, 26553.7, 36613.5 
29360.8, 20066.4, 22462, 23547.2, 21731.1, 23596.3, 22964.6, 22659.4, 22822.3, 22894, 26611.3, 36660.4 
23671, 17604.4, 19681.5, 22440.9, 23164.9, 23066.4, 23161.4, 22957.3, 22970.1, 23233.7, 26299.5, 36516.4 
27879.2, 20319.2, 22073.9, 25571.5, 25696, 21277.3, 22093.2, 23172.4, 23233.5, 23365, 26468.1, 36593.2 
18976.6, 22928.9, 23035.7, 20834.9, 24919.9, 23255.4, 20815.6, 22550.7, 22901.9, 23316.3, 26594.2, 36558.5 
34215.4, 22358.9, 20485.5, 25947.4, 24076.1, 24366.6, 23517.1, 22701, 23426.3, 23457.9, 26657.4, 36689.3 
48985.1, 28093, 28959.3, 20101.2, 23147.5, 22864.3, 24147.2, 23688.9, 22840.6, 23253.4, 26272.1, 36439.4 
21755.4, 18620.6, 24412.6, 22851.5, 23785.1, 22917.2, 22055.8, 22616.9, 22405.4, 23480.2, 26402.5, 36599.6 
20344.3, 24260.8, 24429.8, 20604.6, 23065.4, 22958.2, 23156.3, 23115.6, 22434.9, 23376.2, 26552.9, 36611.1 
20381, 24463.8, 26995.8, 25093.6, 25222, 22793.2, 23522.6, 23644.8, 22249.4, 23148.3, 26521.7, 36495 
20492, 27577.5, 20498.8, 26206.3, 24075.8, 23766.8, 22902.8, 22550.6, 22851, 23738.9, 26491.5, 36519.6 
30849.9, 24235.7, 26193.3, 23166.5, 21937, 25218, 24125.6, 23152.5, 22419.5, 23381.7, 26431.5, 36650.8 
24980.2, 20023.5, 22155.4, 22508.6, 21716.8, 23058.4, 23014.2, 23251.7, 22871.2, 23025.9, 26305, 36507.5 
21445.5, 27767.8, 27533.8, 22427.7, 21364.2, 24488.9, 21869.5, 22129.4, 23068, 23395.6, 26408.5, 36565.5 
23915.4, 19686.4, 21137.4, 21561.4, 23302.3, 24014.1, 22933.3, 22824.8, 22811.9, 22905.6, 26420.5, 36615.6 
46180.2, 22684.2, 20455.5, 23812.2, 23326.4, 23478.9, 22547.1, 24120.8, 23108.8, 23545.7, 26360.1, 36514.2 
30190, 26186.1, 25148.1, 20494.5, 23736.1, 23612.9, 23762.7, 22284.5, 22808.6, 23574.7, 26483.6, 36709.1 
21124.5, 25202, 20817.7, 25225.5, 20121.5, 20655.3, 23018.2, 22809.4, 23151.3, 23574, 26557.7, 36659.2 
13888, 14915.5, 20246.9, 21411.1, 23017.4, 23147, 22906.1, 23935.6, 22478.2, 23373.1, 26402.9, 36655.9 
19774.2, 19595.7, 23945.7, 21101.6, 23423.7, 22124.9, 21828.3, 22580, 22797.5, 22809.1, 26323, 36511.3 
16702.8, 20196.4, 19943.5, 19915.4, 23309.8, 22828.5, 22964.8, 22376.4, 22922.8, 23879.5, 26482.6, 36566.5 
26121.6, 24696.3, 21042.1, 20694, 21248.8, 23207.7, 22039.1, 23191.5, 22686.7, 23561.4, 26272.8, 36675.8 
35844.7, 16919.8, 19591.4, 21227.6, 22538.2, 24097.5, 22223, 22967.8, 23076.8, 23389.5, 26382.9, 36576.2 
17753.2, 30566.8, 24820.1, 20004.6, 22568.3, 22532.7, 24014.4, 23386.4, 23176.5, 23313.6, 26582.9, 36619.6 
15419.7, 23505, 26052.6, 24315.8, 24050.1, 22906.6, 22526.4, 22990.1, 22671.6, 22960, 26390.6, 36675.5 
14625.7, 23041.8, 23312.2, 20412.9, 21887.2, 23421.1, 22422.8, 23056.8, 22778.2, 23632.1, 26597.9, 36637.9 
20417.8, 20784.2, 23535.6, 21688, 21147.2, 23021.9, 22187.5, 23324.1, 22681.7, 23260.4, 26630.3, 36558.3 
24023.5, 23434.3, 25500.2, 21505.2, 24521, 21129.4, 22126.8, 22900.3, 22836.6, 23190.9, 26523.6, 36639 
16966.3, 21377.9, 17905.8, 21747, 22548.8, 24575, 23904.4, 22025.3, 23318.8, 23657.1, 26434.2, 36463.4 
28803.7, 19803.1, 27487.1, 22284.3, 22130.2, 24096.8, 23108.5, 22329.4, 23346.3, 23754.3, 26282, 36555.7 
28748.7, 26073, 24474.6, 22044.1, 24924.8, 24744.8, 22965.7, 23340.8, 23235, 23655.5, 26449.9, 36541.3 
19325.7, 20533.3, 23125.2, 22769.5, 18928, 24360.6, 22437.9, 21977.5, 23183.5, 23239.4, 26320.1, 36670.6 
20234.9, 26292.8, 25943.4, 20743.7, 24532.5, 23338.9, 22894.6, 22867.6, 22462.1, 23187.6, 26636.6, 36639.8 
19808.9, 26471.4, 23347.9, 22072, 22319.8, 22254.9, 23038.9, 23637.5, 22954.6, 23424.3, 26651.1, 36507.8 
27810.5, 18853.2, 21071.8, 27299.5, 24148, 23914.5, 21896.9, 22723.9, 22913.1, 23535.2, 26510.4, 36571.1 
21045.8, 20006.4, 21128, 21566.8, 20580, 21657.4, 23052, 23988.1, 23481.3, 23543.6, 26454.3, 36636.7 
20604.1, 18605.8, 21468.8, 24612.5, 25832.8, 23748.3, 22797.9, 23018.7, 22836.7, 22980.8, 26449.4, 36533.7 
23043, 18357.5, 21541.7, 22710.3, 22832.6, 22489.1, 22077.9, 22793.3, 23072.9, 23524.1, 26400.7, 36650.2 
15682, 27092.3, 21900.8, 21414.7, 23924.8, 22200.5, 22352.3, 23007.2, 23126.8, 23398.9, 26493.2, 36603.1 
15595.4, 17401.4, 24048.6, 27293.9, 23171.5, 22831.2, 22685.9, 22543.1, 23325.5, 23434.6, 26419.8, 36568.4 
18818.4, 31198.9, 22002.4, 24393.7, 24262.5, 22326.2, 23210.1, 23491.3, 23463.9, 23532, 26681, 36530.8 
22582.1, 22042.8, 28120.7, 20933.7, 20723.3, 22446.8, 22839.2, 23400.6, 23212.8, 23265.7, 26289.2, 36547.3 
18065.7, 18143.9, 24201.5, 22936.8, 21542.1, 22140.8, 24344.9, 23898.6, 22647.1, 23338.8, 26513.8, 36627.7 
18094.7, 18371.9, 20050.6, 20825.9, 24032.9, 22842.1, 22721.6, 23511.6, 22847.9, 23182.5, 26513.4, 36539.6 
15682, 19440.9, 24453.4, 25138, 23185.4, 24292.1, 22731.8, 22657.7, 22964.9, 23429.5, 26644.2, 36531.7 
14817.7, 19752.9, 27251, 21890.8, 25583.7, 23991.5, 23632, 22371.4, 22987, 23468.9, 26548.6, 36648.2 
22537.1, 18937.2, 20593, 20709.1, 20031.8, 22543.8, 22853.5, 22592.7, 23003.6, 23520.7, 26365.3, 36554.9 
33209, 29138.7, 24103.4, 18265.2, 22433.4, 22000.2, 22210.2, 21941.4, 22651.1, 23149.6, 26424.9, 36678.3 
26756.1, 25248.7, 25034, 21617.5, 23584.6, 21660.9, 23141.6, 22719.6, 23006.5, 23262.6, 26515.1, 36548.2 
22182.8, 20189.9, 26988.2, 19494.6, 22599, 23057.3, 21143.3, 23224.2, 22950.4, 23348.9, 26412.3, 36556.5 
22492.2, 19107.4, 21231.7, 21653.8, 22784, 22624.7, 23430.9, 22885.4, 23127.8, 23521.2, 26741.3, 36643.7 
20566.6, 23050.3, 19452.2, 24246, 22449.4, 24210.7, 24392.1, 22574.3, 23043.1, 23412.8, 26687, 36653.1 
18632.1, 25283.7, 25539.6, 20690.1, 22221.7, 22028.1, 23074.3, 22719.8, 22904.6, 23603.4, 26548.6, 36461.9 
26381, 18328.7, 22491.2, 19207.1, 26678.6, 23412.8, 22202, 22612.1, 22592.1, 23390, 26570.3, 36676.8 
15341.1, 14596.6, 22351.2, 20286.8, 20733.4, 23451.4, 23439.1, 23180.1, 23652.8, 23517.9, 26524.8, 36575.8 
17478.4, 20196.4, 21748.5, 21009, 21512.4, 23871.1, 23672.3, 22446.6, 22827.2, 23321.3, 26592.5, 36519 
16222.8, 23816.1, 24447.1, 22355.9, 23338.9, 22190.6, 23242.3, 22939.2, 23465.8, 23415.8, 26439.4, 36599.9 
21671.9, 22316.3, 19661.2, 23205.7, 23324.2, 23839, 22864.8, 23055.4, 22386.7, 23000.3, 26719.7, 36596.7 
33504.6, 22928.9, 23221.2, 26523.5, 27699.6, 23212.7, 22116.1, 23929.4, 22985.7, 23572.2, 26484.9, 36562.4 
36583.2, 23259.5, 20303, 20417.3, 23293.9, 22528.3, 22981.2, 22802.6, 22913.5, 23374.4, 26551.8, 36575.9 
23280.5, 23767.7, 16407, 20096.7, 21649.8, 23756.5, 22865.6, 22762.2, 23356.2, 23372.6, 26419.6, 36535.8 
16696.6, 20751.9, 20544.1, 23986.3, 23197.3, 24655.8, 22926.5, 22149.8, 23229.1, 23432.6, 26383.4, 36563.8 
14475.7, 27792.6, 23374.8, 25212.2, 21912.4, 23247.3, 23262.5, 22928.7, 23373.7, 23595.7, 26466.7, 36537.2 
23474.2, 19828.3, 22332.2, 19863.3, 22948.8, 21838.8, 22054.2, 23682.7, 22522.4, 23373.7, 26441.8, 36552.9 
22314.4, 23544.9, 27034.2, 26608, 21718.9, 23016.2, 24432.2, 23221.5, 22902.3, 22899.6, 26580, 36473.7 
16130.1, 25107.3, 21838.3, 20993.2, 21347.1, 22335.2, 21951, 23695.8, 22857.8, 23398.6, 26429.7, 36618.8 
22764.2, 18028.5, 21800.8, 26352.5, 24669.7, 23389.5, 22886.1, 22755.3, 23064.8, 23435.8, 26456.1, 36685.5 
25430.3, 17479.4, 21951.6, 22122.8, 23350.6, 23637, 23545.6, 23218.8, 23560.3, 23700.2, 26595.6, 36538.6 
20090.9, 24618.4, 27594.7, 23188.9, 22099.3, 23020.8, 21885.6, 22258.8, 23086.3, 23152.2, 26464.8, 36477.5 
15858.2, 23007.8, 26965.3, 28091.3, 23878.9, 20606.2, 22470.3, 23153.2, 22898.7, 23369, 26603.7, 36593.6 
27012.1, 15346.1, 19280.8, 26024.7, 21634.9, 21629.6, 22695, 22071.1, 22867.4, 23329.8, 26673.6, 36607.4 
27109.4, 23516.8, 29264.4, 22678.7, 22760.2, 22618.4, 21988.7, 23164.7, 23125.6, 23113, 26490.5, 36499.5 
28365.1, 21451.4, 26171.7, 23370.8, 21996.4, 23874.1, 22404.2, 22678.2, 22986.5, 23023, 26480, 36559.7 
18051.3, 20807.3, 21583.2, 21255.8, 24017.7, 23250.9, 22915.7, 22831.8, 23630, 23318.9, 26438.4, 36714.2 
19808.9, 24098.3, 26097.3, 21489, 22986, 22011.1, 24257.1, 22334.5, 22949.5, 23436, 26654.7, 36643.9 
18036.8, 17771.6, 28254.3, 21462.5, 22311.8, 24006.9, 22624.3, 22783.6, 23069.5, 23542.3, 26502.4, 36434.3 
21222.6, 16406.5, 22861.3, 22054.2, 20384.1, 22727.7, 23773.2, 22088.4, 23030.3, 23235.1, 26445.3, 36674.7 
13378, 19217.3, 18843.6, 26333, 23215.9, 23719.2, 23152.9, 23237.6, 23339.5, 23502.7, 26623.7, 36592.1 
24980.2, 27068.8, 17002, 20816.8, 20961, 22516.1, 22326.9, 22314.4, 22993.6, 23017.3, 26485.6, 36692.8 
28387.3, 18328.7, 18923.7, 21868.3, 23648.2, 22821.3, 23583.2, 23333.1, 23654.7, 23429.6, 26533.3, 36456.9 
23090.1, 27131.6, 25844.7, 26683.4, 22442.6, 23755.3, 23190, 22852.4, 23345.9, 23280.5, 26462.5, 36544.4 
28657.5, 24085.9, 20038, 24780.5, 21833, 22505.7, 21146.1, 22979.2, 23197.3, 23321, 26353.4, 36490.4 
21713.6, 24820.8, 23624.5, 24208.5, 20207, 22177.3, 22874.6, 23128.7, 22919.4, 23051.2, 26700, 36650.5 
27539.2, 19815.7, 22592, 20050.5, 23086.5, 24115.8, 21872.6, 22971, 22777.5, 23354.5, 26602.4, 36598.8 
33504.6, 17959.3, 21081.2, 28825.1, 25564, 22659.6, 22769.6, 24031.1, 23019.5, 23403.4, 26598.1, 36556.4 
15483.1, 27562.8, 22711.3, 21707.6, 23753.3, 22311.3, 21992.1, 22809.2, 23367, 23139.8, 26545.6, 36470.1 
30807.8, 20506.3, 20409.7, 25315.3, 22680.2, 23582.3, 22389.2, 22896.6, 22976.6, 23454.6, 26467.9, 36614.1 
21967.1, 20161.6, 20759.2, 22659.7, 23497.2, 23193.3, 22805.9, 23183.4, 22832, 23562, 26705.5, 36598 
27289.6, 17362.6, 21870.9, 22812.6, 22978.2, 25420.3, 23825, 22665.9, 22700.5, 23326.1, 26583.4, 36528.7 
14935.3, 17475.3, 24216.9, 21152.1, 23484.3, 22070.9, 23506.1, 23548.4, 22776.8, 23554.3, 26570.9, 36600.3 
26504.9, 21220.3, 21336.4, 20050.5, 21933.2, 22963, 22451.7, 24549.5, 23035.6, 23100, 26493.3, 36565.4 
15993, 27210.5, 21432.5, 22206, 23744, 22420.9, 22945, 21884.3, 23072.2, 23202.6, 26446.5, 36443 
19301, 18739.9, 23632.8, 21981, 23092.4, 23063.8, 22494.7, 22363.2, 23272.9, 23554, 26590.2, 36657.6 
25661.5, 25778.4, 29059.9, 22697.5, 22372.2, 21932.4, 23836.3, 22398.1, 23298, 23283.7, 26400.4, 36442.4 
23720.7, 16942.8, 27695.1, 24488.7, 24203.1, 21936.8, 23014.4, 22876, 22919.3, 23594, 26404.1, 36593.5 
23523.1, 16320.6, 27188.7, 23186.8, 23642.3, 22611.8, 23318.6, 22562.9, 23727.8, 23347.4, 26583.2, 36578.4 
34319.4, 15975, 21591.8, 23421.5, 22541.6, 22221.4, 23865.1, 23326.5, 22902.9, 23676.9, 26491.7, 36628.4 
20234.9, 23889.1, 27065, 24946.9, 21719.1, 24939.3, 22295.9, 23514.2, 22693.8, 23455.5, 26554.3, 36646.9 
30513.8, 21107.8, 24300.4, 21803.1, 24760.1, 26201.9, 22045.4, 23116.9, 23426.9, 23409.7, 26681.2, 36594.1 
29100.7, 22817, 20520.3, 22385.2, 27981.7, 24980.1, 22060.5, 22702.2, 22853.1, 23324.6, 26468.7, 36478 
19317.5, 23224.9, 26416.9, 25223.9, 23570.9, 22800.6, 23359.7, 23458.8, 23213.1, 23385.5, 26510.6, 36520.2 
23084.2, 21069.8, 28730.9, 25620.8, 23243.3, 20896.4, 23408.2, 23198.3, 22934.5, 23261.5, 26559.8, 36541 
16363.9, 21126.9, 25993, 22903.2, 22196.3, 21112.8, 23720.9, 22331.6, 22410.6, 23047, 26455.8, 36503.5 
18693.8, 22358.9, 28220.8, 21023.7, 23639.9, 24995.4, 23198, 23207.3, 23217, 23878.1, 26518.9, 36669.8 
21223.8, 23599.8, 20472.3, 20189.7, 23319, 21840, 21340.2, 22647, 23037.3, 23215.3, 26433.6, 36523.9 
18818.4, 18546.7, 22233.7, 21716.2, 23801.1, 21645.2, 22987.1, 22991.9, 22873.7, 23409.8, 26525.9, 36607.4 
26883.5, 18657.7, 16983.8, 23323.6, 24060.2, 23057.3, 22203.7, 22376.2, 22950.5, 23460.8, 26522.8, 36703.4 
20452.5, 20770.4, 20586.3, 21931.7, 22051.5, 21552.5, 23480.4, 23037.8, 22687.4, 22856, 26323.8, 36556.5 
23208.8, 25270.1, 24409.5, 24269.7, 21909, 23667.9, 23236.9, 22976.8, 23113.2, 23446.6, 26452.6, 36651.4 
13068.4, 27266, 19755.1, 23463, 21760.6, 22972.2, 23220.1, 22484.3, 23617.9, 23251.7, 26638, 36578.5 
30149.7, 34507.5, 22079, 22666.4, 23456.9, 24248.2, 22134.6, 22613.4, 22700.5, 23305.8, 26528.4, 36613.7 
18434.4, 24618.4, 23921.3, 22556.9, 20865.7, 24648.4, 23247.1, 23511, 23367.4, 23346.8, 26502.4, 36636.1 
17397.6, 19465.2, 24226.2, 23214.8, 21384.4, 24777.8, 22819.1, 22636.2, 22661.1, 23609.2, 26421.7, 36547 
21263.8, 27669.3, 22603.4, 19708.1, 20072.6, 22918.6, 23361.4, 23345.6, 23224.2, 23447.3, 26627.3, 36447.7 
19568.6, 23201.8, 33075.7, 17985.5, 20507.9, 21860.7, 23089, 23385.1, 23438.2, 23758.4, 26440.3, 36618.6 
20774.7, 21456.4, 17257.2, 25275.3, 23037.9, 21533, 22929.4, 22703.9, 22973.9, 23402.4, 26475.5, 36563.7 
21881.9, 24999.9, 23069.2, 26156.8, 24739.4, 21982.8, 22011.9, 22676.3, 23207.8, 23369.3, 26539.1, 36506.1 
20454.8, 17841.1, 22464, 20341.6, 21610.3, 22591.2, 22750.4, 22791.7, 23642.2, 23715.9, 26540.8, 36494.2 
38145.5, 23381.6, 25985.9, 23736.4, 22910.5, 21979.6, 21805.4, 22223.6, 22646.5, 23133.7, 26724.2, 36593.1 
13144.4, 17096.1, 22882.7, 20725.5, 23718.4, 21991.6, 23282.9, 22737.5, 23695, 23313.8, 26551.2, 36618.4 
18632.1, 24447.9, 21043.9, 22331.1, 23225.9, 22848.6, 23364.1, 23232.4, 22992.2, 23285.9, 26299.1, 36541.1 
14328.8, 20605.7, 27715.3, 21300.5, 21855.9, 22484.3, 24934, 22993, 22951.5, 23569.7, 26429.1, 36462.6 
31716.5, 20354.6, 21661.8, 23445.5, 21777.7, 22191.4, 21659.7, 23656.1, 22722.8, 23329.5, 26487.9, 36501.7 
16219.9, 18532, 18470.6, 24269, 22558.4, 23745.6, 24086, 22995.4, 22888, 23300.4, 26487.7, 36393.2 
26464.1, 28450.8, 17704.3, 19743.3, 22197.3, 22658.4, 22969.9, 23082.7, 23361.4, 22988.8, 26630, 36594.9 
22741.3, 14614.9, 20714.1, 24062.2, 23908.7, 22882.3, 22973, 23417.5, 23550.8, 23535.9, 26412.2, 36548.9 
43763.8, 29087.7, 18296.6, 27014.8, 23188.5, 22467.1, 24072.5, 23180.5, 22565, 23641.7, 26433, 36513.6 
16015.7, 24011.4, 28758, 21061.7, 24220, 23498.4, 23973, 22909.5, 23207.6, 23763.5, 26365.3, 36559.5 
22139.3, 21060.3, 20570.8, 19025.2, 22129.9, 23428.8, 23113.3, 22708.1, 22466.7, 22983.3, 26628, 36635 
24545.8, 15909.8, 22741.2, 23280.2, 22466.3, 22091.6, 22227, 23048.8, 23354.5, 22927.4, 26424.3, 36574 
22139.3, 16563.3, 26150.1, 22333.2, 23222.9, 22297.2, 21605.7, 23220.9, 23262, 23502.2, 26668, 36587.7 
20717.6, 17111.7, 22021.5, 22389.5, 22883.7, 22104.3, 23504.6, 22563.6, 23103.7, 23276.8, 26444.5, 36540.7 
18211.4, 28691.8, 27313.5, 26601.4, 20344, 23869, 22267.8, 22228.3, 23166.7, 23571.4, 26631.1, 36740.2 
22856.4, 23623.7, 20398.2, 22835.2, 27345, 23323.4, 23228.1, 22321.7, 23252.3, 23760.2, 26633.6, 36621.7 
23671, 20452.5, 19788, 19813.6, 24567.2, 24021.6, 23228.9, 23033.9, 22847.1, 23477.5, 26694.7, 36535.9 
18818.4, 24827.4, 21977, 24535.5, 22897.3, 23522.4, 23537.7, 22378.5, 23242.7, 23287.5, 26744.3, 36569.1 
22052.9, 26622, 26017.9, 21111.8, 24791.4, 22118.6, 24046.4, 23108.5, 23061.8, 23544.8, 26320.9, 36617.2 
17424.5, 22618.4, 20488.8, 26264.1, 22171, 23041.3, 22552.9, 23123.7, 23080.5, 23408.9, 26715.3, 36548.1 
25632.4, 20733.5, 24668.9, 22493.4, 20944.2, 22941.8, 22275.8, 22529.1, 22947.4, 22935.3, 26355, 36529.4 
28017.5, 23019.1, 20766.9, 21020.5, 19350.6, 24672.6, 23791, 23047.6, 22799.9, 23568.7, 26405.3, 36671.6 
39137.1, 21572.6, 20368.2, 22475, 21649.9, 23743.7, 23217.9, 22840.5, 23170.5, 23575.3, 26522.1, 36549 
24074.8, 19786.3, 27294, 22342.9, 22907.8, 24357.7, 22537.8, 22483.4, 22243.9, 23504, 26480.1, 36513.9 
14550.3, 20788.8, 21732.3, 22840.3, 22106.1, 23643.3, 22867.4, 22355.4, 22871.5, 23430.5, 26711, 36485.6 
15483.1, 25978.8, 25416.8, 24206.2, 22073.2, 24667.2, 23123, 23091, 22715, 23561.7, 26355.6, 36513.1 
21184, 20443.6, 23724.8, 22911.5, 21474.6, 23093.4, 22340, 22528.3, 23221.7, 23386.1, 26674, 36616.2 
60929.9, 18660.3, 25787.8, 24595.4, 23244.3, 21626.7, 23431.3, 23425.4, 23317.4, 23314.5, 26531.5, 36476.9 
20604.1, 16783.2, 24659.3, 23172.1, 23539.6, 23641.1, 23651, 22889.7, 23137.8, 23409.1, 26631.5, 36557.9 
31062.1, 21806.5, 20703.9, 21904.5, 24520.2, 22142.9, 22099.8, 23104.9, 23373, 23148.4, 26636, 36578.3 
22537.1, 19348.5, 24692.9, 26530, 22840.6, 22454, 24758.2, 22822.2, 23010.6, 23358.1, 26496, 36557.7 
25373.2, 23838.9, 24728.2, 21239.4, 22956.1, 22803.1, 22840.4, 24044, 22830.3, 23258.9, 26700.4, 36609.7 
35958.8, 18739.9, 25954.8, 24334.3, 21972, 24420.1, 23002.3, 23687.8, 23158.8, 23586.7, 26487.2, 36620.1 
41435.1, 22242, 23072, 21978.2, 21591.2, 22206.7, 23631.7, 23070.8, 22742.3, 23437.6, 26585.6, 36568.4 
49279.1, 20569.4, 21258.9, 21090.1, 21576, 23464.1, 21775, 22685.4, 23211, 22975, 26573.9, 36572.6 
19040.6, 33173.7, 21151.4, 22825, 24374.5, 24745.7, 22449.5, 22701.6, 23023.8, 23040.6, 26647, 36553.5 
18601.4, 21765.9, 20530.8, 23092.7, 22850.9, 21033.3, 23460.3, 23116.5, 22897.9, 23406.7, 26559.8, 36665.1 
30230.4, 30167.6, 25498.5, 20704.6, 23704.2, 23253.6, 24252.2, 23040.7, 23225.9, 23227.3, 26484.5, 36651.7 
13811.7, 27258.1, 26980.5, 21548.7, 25534.1, 25467.6, 23933.5, 22063.1, 23300, 23450.5, 26576.9, 36490.9 
23090.1, 15020.8, 23799, 20889.6, 23262.2, 21467.3, 24449.4, 22426.8, 23078.5, 23152.6, 26411, 36473.1 
35731.2, 24270.3, 18756.4, 25407.2, 22394, 23239.5, 22922.9, 22628.8, 23475.8, 23505.4, 26524, 36638.7 
25203.3, 20614.8, 24425.9, 20753.8, 22643.9, 24381.2, 24083.1, 23843.6, 23140, 23180.6, 26538.8, 36589.6 
25203.3, 25964.4, 23692.2, 21840.3, 21301.1, 23097.4, 23270.3, 23205.2, 22601.1, 23504.2, 26531.6, 36643.1 
28017.5, 23743.6, 24807.2, 25286.1, 22613, 22208.4, 23986.3, 22822.8, 22886.2, 23349.5, 26600.2, 36536.2 
20670.1, 21994.9, 26060.6, 22504.6, 25765.5, 20079.8, 22868.3, 23324.6, 23453.1, 23266.4, 26733.2, 36510.4 
27273.1, 25812.2, 23724.8, 21912, 21472.5, 22588.3, 22324.8, 23532.7, 22595.1, 23434.4, 26606, 36556.6 
22096, 20144.2, 20242.6, 20006.7, 22181.8, 22032.3, 21752.3, 23328.4, 23188.5, 22901, 26550.9, 36538.8 
21589, 20576.2, 22410.1, 23458, 21192.6, 22494.7, 23450.1, 23117.8, 23324.3, 23687.2, 26511.5, 36590.1 
18434.4, 23814.6, 21835.8, 21619, 24144.8, 23983.1, 22146.3, 23069.4, 22696.7, 22877, 26594.8, 36614.4 
27142, 19819.9, 22776.5, 19449.3, 24055, 21134.8, 23159.4, 23199.4, 22713.3, 23152.5, 26523.9, 36512.9 
25203.3, 22000.1, 21163.2, 24487.1, 21947.9, 22297.1, 23675.4, 22846.9, 23599.7, 23295.3, 26562.8, 36515.5 
17979.4, 22574.7, 24734.6, 23043.5, 22687.6, 23802, 22255.7, 23284.1, 22750.2, 23469.8, 26380.8, 36495.3 
24870.2, 22971.1, 21144.4, 21986.7, 24380.8, 23257.2, 22290.5, 23443.6, 23239.7, 23283.4, 26565.5, 36644.6 
21184, 18853.2, 23320.8, 23675.7, 24215.7, 21789.1, 22148.4, 22970.5, 22804, 23453.7, 26455.3, 36566.2 
32527.4, 32709.7, 24334.2, 21741.9, 23164.9, 22695.3, 22541.9, 23030.6, 23451.5, 23377.6, 26765.9, 36546.1 
34688.4, 21595, 21276.8, 21305.1, 23861.1, 21503.2, 22838.7, 22672.2, 23028.1, 23259.8, 26510.2, 36570.2 
22215.6, 23810.1, 23575, 20904.4, 23039.4, 21608.3, 23726.6, 23813.5, 23206.5, 23471, 26566.4, 36552.8 
24703.6, 24853.8, 26830.3, 22584.7, 22535.7, 23194.9, 21796.7, 23024.9, 22189.6, 23290.6, 26325.4, 36558.4 
26883.5, 31007.5, 23807.6, 22647.3, 21096.1, 23026.5, 23806.2, 22788.4, 22696.6, 23522.3, 26533, 36537.5 
38274.8, 25338.5, 21783.3, 24496.6, 23146.1, 23486.2, 22142, 23616.9, 23281.2, 23297.1, 26763.6, 36556.1 
20162.6, 22231.4, 17706.7, 24002, 22447.5, 24071, 23642.6, 23126.8, 23314.6, 23480.4, 26658.8, 36601.7 
20070.8, 18755, 22395.9, 20088.8, 23135.3, 22672.3, 22865.8, 23368.2, 23148.2, 22949.2, 26618.4, 36535.3 
16777.2, 22016.9, 20530.8, 23098.2, 21768.9, 23549.1, 22921.3, 22789.9, 23409.4, 23676, 26264, 36528.4 
20250.8, 19752.9, 20291.1, 23617.4, 22426.7, 21366.1, 23446, 23475.9, 23576.8, 23347.6, 26496.7, 36640.9 
33704.7, 17887.1, 19492.1, 24207.4, 25180.2, 22365, 23127.9, 22451.6, 23195.5, 23090.1, 26343.2, 36601.5 
20158.1, 26717.1, 19294.5, 24406.2, 23011.1, 21748.5, 23060.5, 22814.3, 22972.3, 23242.9, 26764.7, 36608.1 
15858.2, 23731.5, 20818.3, 21701.5, 21352.7, 23486.1, 22573.3, 23429.1, 22920, 23581.3, 26428.2, 36563.4 
19774.2, 21353.5, 22905.4, 26244.4, 20810.6, 22340.9, 22775.8, 22734.6, 22807.5, 23302.6, 26473.2, 36626.9 
22627.4, 24381, 23790.1, 21337.9, 23808.5, 23001.5, 21514.4, 23430.2, 22681.5, 23393.9, 26471.8, 36502.1 
40021.5, 22053.2, 25471.2, 23165.1, 22477.5, 22223.1, 23088.5, 22836.5, 23263.5, 23245.2, 26589.1, 36560.3 
23137.4, 20109.6, 17830.3, 24871.8, 22056.4, 23963.4, 23292.6, 22274.6, 22833.2, 23464.9, 26555.3, 36521.6 
22758.5, 21665.1, 25732.9, 25367.2, 23704.4, 22072.4, 23072.1, 22509.5, 23039.1, 23292.3, 26538.1, 36601 
23043, 21069.8, 20012.7, 22827.4, 23654.7, 22422.4, 22724.7, 23676.5, 22481.9, 22862.5, 26481.2, 36553.8 
38339.8, 26713.2, 22527.8, 24285, 20436.8, 23546.3, 23390.2, 23618.1, 22531.6, 23599, 26632.1, 36661.9 
46633.2, 26944.1, 21386.8, 26264.1, 22390.1, 24450.2, 21805.3, 22761.9, 22866.7, 23606.7, 26490.8, 36548.4 
17159.7, 17805.4, 28179, 21344.1, 24816.6, 23236.8, 21812.3, 23280.2, 23188.8, 23338.7, 26650.9, 36548.2 
22984.4, 21456.4, 22348.6, 24518.4, 23023.3, 23863.1, 22414.7, 22830.6, 22840.8, 23278.2, 26600.4, 36568.5 
25867.3, 16910.7, 19039.7, 20515.1, 19724.8, 21738.8, 23784.5, 22780.7, 23237.1, 22983.5, 26422.2, 36416.2 
19064.7, 17349.7, 19775.6, 21194.8, 24297.9, 21625.9, 23041.7, 22418.9, 22349.2, 23351.1, 26484.8, 36631.3 
29596.5, 27612.1, 27694.6, 19782, 22929.9, 22507.5, 22190.1, 23314.2, 22528.5, 23481.1, 26487.1, 36621.2 
13769.6, 20152.9, 19831.3, 23211.3, 22812.7, 22149.1, 22526.4, 22492.3, 22836.1, 23320, 26560.9, 36591 
25373.2, 18393.5, 20967.4, 19217.2, 21626.3, 20649.4, 23278.1, 22621.7, 22801.5, 23609.6, 26596.7, 36596.4 
16010, 27490.4, 26096.4, 20216.2, 20878.7, 22926.5, 22186.9, 23128.7, 22948.9, 23540.2, 26641.2, 36489 
22391.8, 20692.3, 22207.8, 23273.2, 25071.2, 21402.6, 23240.6, 23114.9, 22865.4, 23308.2, 26512.4, 36526.4 
20019.6, 26936.3, 27791.1, 26661.4, 22746.4, 24109.5, 22636.8, 23009.2, 23312.6, 23465.9, 26551.5, 36577.2 
17915.2, 21615, 22179.3, 23218.7, 21934.5, 23570, 23096.8, 22761.8, 23745.6, 23722, 26424.2, 36633.5 
28157.3, 21136.4, 21283.3, 25945.6, 21338.4, 22303.3, 23135, 22490.9, 22772.8, 23529.1, 26711.1, 36530.3 
29557.8, 20425.7, 18146.5, 19788, 25541.1, 24057.5, 22797.2, 22944, 23745, 23176.7, 26420.3, 36510.3 
17212, 16628.1, 24284.1, 21034.6, 21705.5, 22087.2, 23989.8, 23153.1, 23728.4, 23510.7, 26481.4, 36604.1 
27539.2, 34848.1, 17981.9, 20303.6, 22190.7, 22569.4, 22377.9, 23522.2, 23232.5, 23261.5, 26475.6, 36591.8 
15764.1, 37062.3, 21767.1, 21548.1, 25022.3, 21602.8, 23563.7, 24379.1, 23450, 22958.7, 26599.9, 36660.1 
25661.5, 22168.2, 18810.1, 21877.7, 23590.4, 21408.4, 22887.8, 22567.8, 23201.8, 23186.6, 26361.7, 36671 
11201.5, 17336.9, 22511.2, 26846.2, 22911.8, 25662.7, 22567.7, 22946.1, 23040.1, 23534.5, 26568.8, 36425.7 
23921.8, 17935.2, 17807, 24945.3, 22621.6, 24465.8, 22391.1, 22718.6, 22768.4, 23382.4, 26442.1, 36536.4 
18329.7, 28766.8, 25373.6, 22255.5, 22179.5, 23274.2, 22832.2, 23624, 23076.2, 23069.4, 26318.5, 36596.5 
21303.9, 18292.7, 22894.4, 21042.7, 22434.4, 23416, 23727.6, 22746.1, 23261.9, 23635.6, 26590.9, 36604.9 
27879.2, 18535.7, 26988.2, 22611.3, 25127.3, 23450.2, 23412.6, 22401.5, 22680.4, 23018.8, 26477.1, 36624.2 
18123.7, 23019.1, 25376.1, 24328.9, 23147.5, 23019.9, 23630.1, 22689.6, 22920.2, 23542.4, 26252.1, 36509 
19948.9, 27579.5, 21393.4, 23117.7, 21963.2, 22084.4, 23131.6, 23111.2, 22839.5, 23614.2, 26462.1, 36416.6 
23232.6, 19786.3, 24350.1, 23861.8, 22507.3, 23755.9, 22748.6, 22934.6, 22666.3, 23478.2, 26654.3, 36576.5 
30765.8, 28626, 26873.9, 20690.1, 22969.8, 21932.7, 23187.3, 23802.2, 23406.7, 23663.9, 26534, 36633.3 
18881.4, 25856.8, 23402.5, 20904.1, 23907.3, 22220.8, 23251, 23163.7, 23742, 23388, 26390.9, 36479.1 
16507.4, 18357.5, 27526.9, 25168.7, 23178.1, 23712.1, 23603.5, 22221.6, 22702, 23341.7, 26636.2, 36543.4 
32445.6, 31604.6, 22440.5, 20340.5, 23344.4, 23848.8, 22842.7, 23742.8, 23214, 23280.3, 26541.9, 36649.6 
21144.3, 19807.3, 23560.4, 23091.3, 22869.8, 23969.4, 22880.3, 22813.5, 23098.2, 23442.5, 26524.3, 36469.9 
23137.4, 23568.6, 25837.7, 18946.5, 23536.7, 23028.8, 23564.4, 22933.6, 23472.5, 23203.9, 26621.9, 36577.4 
21374.5, 29344.2, 20734.4, 19736.7, 25395.4, 22607.2, 22608.3, 23189, 23459.8, 23170.9, 26386.7, 36561.2 
21547.8, 19045.1, 19310.1, 23654.5, 23578.8, 22942, 23360.8, 22491.5, 22798.3, 23311.9, 26262.6, 36602.4 
24925.1, 19942.4, 20791, 22489.5, 25665.2, 22189.9, 22376.4, 22571.9, 22788.3, 23201.6, 26335.7, 36583.8 
22402.9, 25256.4, 19369.1, 24134.6, 22416.5, 22330.1, 23121.3, 22867.5, 23003.8, 22912.7, 26433.5, 36443.2 
20909.4, 22022.1, 29605.8, 28866.5, 28096.5, 22427.5, 20993.8, 22988.8, 22889.5, 23078.5, 26551.1, 36535.6 
16015.7, 21237.2, 22733, 24837.2, 23701.5, 21685.7, 23159.1, 23158, 23356.9, 23633.3, 26581.7, 36563.9 
15509.7, 15845.1, 23577.9, 25652.3, 22339.2, 23453.8, 22769.2, 23163.2, 23343.2, 23211, 26598.6, 36618.8 
37387.6, 25147.8, 20110, 22778.3, 21233.4, 23984, 21783.3, 23382.1, 23233, 23074.1, 26565.2, 36642 
29403.8, 20821.2, 23639.4, 24093.9, 22575, 20856.3, 23091.2, 22411.5, 22925.3, 23639.7, 26622.2, 36415.5 
21967.1, 29830.9, 24066.8, 23796.6, 24719.6, 25649.2, 22842, 23008, 22334.1, 23420.2, 26522.1, 36667.5 
30352.3, 29289.2, 31651.5, 23961.6, 20540.9, 22197.4, 23521.9, 21995.2, 22524.6, 23304.6, 26652.5, 36542.1 
19808.9, 23834.3, 24450.2, 21430.8, 23746.5, 22279.1, 24396.6, 22723.3, 23003.3, 23225.5, 26612.2, 36556.1 
14692.3, 27385.8, 23444.3, 21922.6, 21314.1, 23514.3, 23669.4, 22352.2, 23229.3, 23245.5, 26490.3, 36479.2 
26435, 23259.5, 21661.8, 25044.3, 22963.1, 25677.5, 21718, 23595, 22919.9, 23571, 26469.9, 36607.6 
22764.2, 28591, 23360.7, 27130.7, 22342.5, 22873, 24315.5, 22650.1, 22675.1, 23667.9, 26506.1, 36528.8 
54678.3, 18242.9, 21048.5, 25474, 25995.6, 25020.3, 22043.5, 23215, 22916.6, 23254.3, 26560.6, 36678.3 
23043, 24061.2, 19943.2, 25525.7, 22997.4, 23862.2, 23714.5, 22032.5, 22854, 23441.1, 26185.6, 36687.5 
16316.6, 23036.1, 27658.9, 16948.8, 23295.9, 23845.6, 22508.7, 24894.8, 23010.1, 22821.6, 26287.5, 36571.7 
29100.7, 23334.9, 21032.2, 22890.3, 27315, 24060.5, 24786.8, 23454, 22893, 23407.5, 26524.6, 36639.2 
19301, 22295, 25201.4, 23432.3, 22841.9, 22988.5, 21496, 23276.2, 23421.2, 23634.1, 26458.4, 36549.5 
22764.2, 21476.1, 23853.5, 23169.1, 24460, 23511.1, 21645, 22081.5, 22591.8, 23038.9, 26416.3, 36585.4 
33196.8, 33993.4, 25029, 25204.8, 22266.9, 22262.9, 23806, 22298.3, 23632.4, 23111.6, 26426.1, 36603.3 
18944.7, 18891.3, 24717, 23950.3, 23445.1, 20854, 22473.2, 23136.3, 23548.1, 23223.5, 26393.2, 36638.8 
25203.3, 20605.7, 16335.1, 25164.3, 24231.9, 22380, 22298.8, 23340.2, 23568.5, 23356.3, 26557.4, 36451.3 
22810.2, 19946.6, 21241.2, 24235.3, 25904.9, 22883.5, 23293.2, 22845.6, 22866.9, 23419, 26667.6, 36583.9 
21881.9, 21934.3, 23209.8, 25366.3, 25393.9, 23744.9, 22334.4, 23204.4, 22978.1, 23204.9, 26436.4, 36545.3 
25373.2, 28093, 19998, 18292.5, 23313.3, 20335.3, 23653.6, 23883.8, 22967, 23361.8, 26838.2, 36640.3 
21384.6, 19122.8, 20912.1, 19620.3, 22425.4, 23343.6, 23422.8, 22362.9, 22643.7, 23056.1, 26460.2, 36509.6 
26442.8, 22016.9, 30607.4, 23409.4, 24849.4, 24474.5, 23108.3, 23419.8, 22638.8, 23221.8, 26289.6, 36577.7 
23846, 26471.4, 19843.7, 25585.9, 24557.3, 23446.1, 22912.1, 23348, 22859.9, 22949.2, 26379.8, 36489.3 
17642.3, 24641.1, 26251.1, 20499, 24639.1, 25350.6, 23253.3, 23248, 23137.2, 23354, 26602.9, 36568.5 
18992.5, 19296.6, 25913.1, 23159.8, 26451.3, 20514.7, 22190, 22617, 23150.1, 23566.5, 26519.8, 36621.8 
23280.5, 17485.9, 24736.3, 26062.7, 23864.6, 23522.5, 22761.7, 23590.9, 23074.9, 23236.9, 26403, 36661.5 
28730.4, 18101.7, 22309.3, 23568, 24729.9, 22933.1, 22283.6, 23213.7, 23074.5, 23623.8, 26397.4, 36589.4 
23572.2, 15157.1, 21716.2, 21226.5, 19611.4, 22898.2, 22935.6, 22867.2, 22934.9, 23321.3, 26678.6, 36466.6 
31104.9, 25105.6, 22380.1, 19712.8, 23110, 22207.9, 21616.3, 21905.3, 23245.3, 23363.6, 26350.4, 36560 
29251.5, 23552.3, 18467, 23980.3, 22925.2, 22124.6, 21935.9, 22993.1, 23149.2, 23372.8, 26532.5, 36555.3 
26504.9, 19735.2, 22380.1, 21232.3, 23154.1, 23541.6, 23433.9, 22789, 22672.9, 23569.3, 26526.7, 36602.8 
12889.3, 17093, 21480.9, 23191.7, 24275.6, 21958.6, 21385.7, 23266.8, 23075.2, 23252.6, 26519.3, 36531.5 
26629.9, 25256.4, 25335.6, 20994.7, 23846.7, 20858.9, 24941.7, 22746.2, 22631.9, 23575.4, 26496.2, 36620.5 
32609.6, 18300, 23295.1, 22339, 22231.4, 23079.8, 22689.4, 23117.7, 23424.7, 23397.2, 26745.2, 36428.1 
22009.9, 23061.7, 22422.3, 19171.6, 21647, 22223.9, 23649.4, 23089.5, 22914.9, 23369.3, 26223.6, 36590.2 
27207.4, 25013.3, 23654.1, 25921.1, 21083.6, 23521, 22872.3, 23615.1, 23246.1, 23004.5, 26641.6, 36372 
26851.5, 33578.5, 21442.2, 21120.2, 23548.2, 24047.1, 22751.5, 23326.2, 23052.4, 23213.8, 26476, 36670.1 
30190, 17931.7, 19363.2, 23962.7, 22533.7, 23949.7, 23013.7, 22202.6, 22791.2, 23398.4, 26537, 36565.7 
17317.6, 25700.5, 19302.3, 26993.4, 19772.1, 23520.8, 22828.7, 22106.6, 22632.4, 22962, 26438.5, 36693.7 
28369.5, 23719.5, 20372.6, 22408.8, 23759.7, 23146.5, 23378.2, 23128.1, 23113.7, 23189.7, 26539.2, 36547.2 
26442.8, 26363.2, 23545.8, 27537.3, 22803.9, 23133.8, 21489.5, 22453.5, 22607.2, 23600.3, 26428.5, 36594.7 
11910.4, 22726.9, 21009, 21848.1, 22507.4, 25288.9, 21912.6, 22221.7, 22722, 22958.3, 26536.4, 36535.4 
60219, 22022.1, 25228.1, 18873, 19404.1, 22975.8, 23616.6, 21943.1, 22675.7, 23295.8, 26357.1, 36474.6 
17424.5, 14243.3, 20029.5, 20007.2, 24336.8, 21650.7, 23350.2, 23332.2, 22740, 23685.1, 26432.6, 36685 
20344.3, 32359, 29774.3, 24415.6, 22970, 22648.4, 22593.2, 23246, 23230.4, 23025.4, 26474.1, 36594.6 
23671, 19099.6, 24288, 23176.3, 22781.8, 21891.3, 22926.3, 22064.8, 23010.8, 23084.9, 26645.9, 36592.6 
20909.4, 22048, 22017.7, 24953.4, 26508.8, 23155.1, 23495.4, 22941.3, 23253.9, 23711.7, 26586.3, 36549.4 
17291.1, 16965.9, 22934.4, 22743.9, 23284.5, 22431.1, 23685.1, 23044.7, 22549, 23874.5, 26345, 36535.7 
19979.8, 21013, 25281.7, 22020.1, 22336.5, 23368.3, 23151.9, 23681.4, 23288.8, 23400.7, 26481.9, 36685.3 
14754.7, 19967.9, 26433.4, 25138, 25203.3, 24575.5, 22462.6, 23621.3, 22843, 23376.3, 26573.3, 36606.9 
20585.4, 22656.8, 20028, 22785.6, 24305.9, 22144.5, 22347.4, 23363.5, 23432.5, 23502, 26428.6, 36571.7 
20371.8, 35435.5, 28212.4, 26341.6, 20829.7, 22533, 22800.4, 22594.2, 22886.5, 23521.4, 26502.6, 36517.1 
14692.3, 21138.8, 19728.5, 22138.1, 22977.7, 22549.3, 21918.1, 23842.1, 23495.6, 23436.1, 26423, 36660.6 
37080.7, 21453.9, 25281.7, 25129.8, 22279.2, 21503.3, 23008.7, 23471.7, 23186.6, 23094.2, 26669.4, 36587.1 
18065.7, 17266.5, 25908.1, 26332.6, 24291.5, 22897.6, 22680.8, 23620.9, 23255.2, 23428.3, 26446.3, 36585.7 
29091.3, 15770.4, 27828.7, 20829.2, 23282.9, 22584.5, 22758.9, 22971.2, 23015.4, 23093.6, 26509.4, 36592.7 
18881.4, 22878.4, 24115.7, 20273.6, 23682.2, 22474.9, 22671.3, 22725.7, 22578.7, 23114.8, 26530.2, 36576.2 
24126.2, 31516.8, 21054.9, 25746.9, 23868.1, 23262, 24061.7, 23554.4, 22751.4, 23329.3, 26640.7, 36568.8 
22402.9, 18830.5, 19580.3, 27935.9, 24700.6, 22292.1, 24112.8, 22853.1, 22815.3, 23848.4, 26532.5, 36614.9 
23896.4, 21184.3, 26108.8, 23519.8, 23052.3, 22517.2, 22291.8, 23264.1, 23228, 23780, 26592.2, 36534.7 
27674.2, 36830.6, 21067.2, 28712.8, 24437.2, 23259.5, 22403.7, 22651.1, 23096.3, 23627.1, 26339.1, 36546.9 
28369.5, 18094.7, 17596.2, 21617.2, 20583.4, 23700.9, 25395.6, 23173.1, 22716.4, 23392.9, 26676.5, 36440.7 
23523.1, 23201.8, 23694.9, 21920.1, 23655.9, 23410.8, 23207.9, 22656.1, 22699.8, 23801.7, 26503.5, 36588 
18540.3, 36715, 19753.1, 19127.7, 27907.6, 24520.5, 24213.8, 23213.7, 22798.6, 23568.5, 26508.8, 36556.1 
25545.4, 24273.4, 23197.1, 21387.2, 21612.4, 22195.6, 21893.2, 23423.5, 22975.1, 23400.2, 26502.3, 36623 
19878.6, 21570.2, 29043.3, 21149.2, 23516.1, 22309.3, 23315, 22986, 22895.9, 23430.3, 26615.3, 36641.7 
33579.4, 19360.5, 22223.3, 22313.1, 24816.1, 22149.9, 23329.4, 24256.5, 22789.8, 23523.6, 26687.9, 36719.9 
17251.4, 21918.9, 21982.1, 24038.1, 20519.3, 23707.4, 22422.8, 22443.9, 23203.3, 23734.7, 26485.5, 36655.4 
17809.3, 19866.2, 19761.3, 24571, 21057.2, 22524.3, 22339.5, 23317.5, 22860.1, 23270.8, 26506.4, 36556 
22226.5, 19620.3, 18950.1, 23437.3, 20242.6, 23880.9, 22881.8, 22771.4, 23618.3, 23193.2, 26530.6, 36611.4 
25545.4, 25013.3, 17792.8, 19167.8, 24758.1, 22253.3, 24103.3, 23892.1, 23385, 23352.2, 26467.5, 36515.9 
16752.3, 26307.6, 25993, 23665.3, 22784, 23864.3, 23228.7, 23030.2, 23625.1, 23396, 26383.6, 36599.1 
29025.9, 20844.4, 27727.4, 27662.3, 24022.8, 23224.9, 23206.3, 23055, 22570.2, 23371, 26559.4, 36601.7 
29831.1, 16996.7, 25481.4, 24837.2, 23564.7, 21853.1, 21846.8, 23363.5, 23360.7, 23281.8, 26600.1, 36479.8 
31451.4, 27942, 21480.6, 26002.7, 23417.5, 22976.7, 23054.5, 23640.2, 22804.2, 23169, 26410.2, 36662.5 
35731.2, 19620.3, 22571.2, 25918.4, 24103.8, 23111.2, 22805.7, 23993.4, 23119.4, 23325.9, 26625.1, 36600.5 
19739.6, 24011.7, 23266.6, 25301.1, 22871.2, 22893.1, 22847.2, 22912.2, 23492.7, 23365.5, 26483.7, 36579.8 
26923.6, 22563.9, 22697.8, 23754, 24703.6, 21448.3, 22324.1, 23131, 22913.3, 23430.1, 26591.2, 36571.6 
21384.6, 19895.7, 22007.5, 19366.5, 23692.5, 23210.5, 22866.4, 22524.6, 22552.4, 23172, 26194.6, 36597.6 
24126.2, 19154.3, 19201, 21723, 24913, 22496.9, 22677.7, 23362.9, 22766.8, 23770.5, 26634.6, 36542.9 
22902.8, 16687.4, 23455.8, 24125.6, 22656.9, 21522.1, 22932.4, 22542.3, 22594.8, 23138.9, 26441.9, 36615.3 
14778.9, 31183.3, 23481.9, 26287.5, 21884.6, 22990.9, 23178.9, 22713.5, 23555.5, 23235, 26488.9, 36643.1 
21040.9, 20881.6, 19321.9, 22582.6, 21514, 22581.2, 23186.3, 22619.6, 23624.9, 23392.5, 26708.3, 36496.1 
17587.3, 18883.7, 20471.2, 23195.2, 22578.9, 23174.6, 23120, 22648.4, 23235.6, 23288.6, 26670.1, 36554.9 
15993, 22899.4, 23300.8, 23265.1, 20874.4, 22781.4, 23105.3, 22744, 23074.8, 23338.1, 26397, 36523.7 
21298.9, 15305.9, 24917.6, 23000.7, 24655.7, 24638.7, 23032.2, 23758.1, 22556, 23395.3, 26587.2, 36506.3 
26438.9, 19044.2, 28321, 22713, 21776.6, 21842.3, 22649, 22063.8, 22737, 23419.2, 26468, 36615.3 
30352.3, 25219, 23551.6, 23859.6, 21937.6, 24594, 22836.9, 22499.4, 23927.1, 23117.9, 26564.2, 36500.2 
26883.5, 22460.9, 26110.7, 26538.2, 26714.1, 21924.6, 23527.1, 24516, 22942.6, 23452, 26573.4, 36502.1 
27939.5, 18605.8, 18903.3, 22253.6, 22208, 21869.3, 23049.3, 22940.7, 23326.1, 23797.7, 26651.1, 36703.8 
10941, 20853.7, 27550.8, 23978, 23162.4, 22114.1, 22994.5, 22527.8, 23332.6, 23274.7, 26556.1, 36571.7 
19585.5, 24349.2, 26039.2, 23765.8, 25040.6, 23127.7, 24064.7, 24169.4, 23498.1, 23158.2, 26519.6, 36587.9 
17865.6, 25080.4, 24161.6, 21240, 22183.1, 23287.6, 23538, 22497.6, 23419.2, 23259.1, 26576.7, 36602.4 
22492.2, 20515.3, 24042.5, 19626.3, 24934.9, 24493.3, 22359.3, 22542.5, 22883.6, 23489.2, 26639.7, 36643.1 
25115.7, 19522.1, 23642.3, 21902, 21134.5, 22020.8, 23283.5, 22722.9, 23339.2, 23312, 26636.3, 36599.7 
19808.9, 22531.3, 17717.4, 22838.6, 22737.1, 24797.7, 22048.4, 22925.3, 22736.8, 23084.5, 26757, 36570.9 
30311.6, 19264.8, 23676.2, 22967, 23958.2, 23387.9, 22956.7, 23026.6, 23200.9, 23100.6, 26318, 36600.6 
29713.3, 20715.2, 24960.1, 18996.2, 22562.4, 23752.6, 23254.9, 22997.7, 22877.3, 23523.3, 26484.6, 36610.4 
29947.3, 15591.6, 23125.2, 22801.9, 21194.6, 24660.2, 21265.6, 24174.9, 22609.3, 23304.7, 26406.9, 36663.4 
26756.1, 26329.8, 21551.4, 23101.7, 26047.2, 24275.4, 24698.9, 23312.6, 23168.3, 23119.6, 26446.9, 36484.3 
14475.4, 19376.5, 17777, 22395.3, 24430.7, 23585.9, 22795.3, 23414.8, 23268, 22716.4, 26428.7, 36548.3 
17004.6, 17556.5, 20696, 24197.1, 24902.1, 24552, 22636.6, 22806.8, 23263.4, 23066.7, 26596.8, 36651.7 
17133.6, 20336.9, 19123.9, 25825.9, 21534.1, 23943.4, 24171.4, 23074.6, 22920.4, 23776.3, 26492, 36441.4 
33704.7, 18860.8, 21478.5, 21584.4, 22743.5, 22848.1, 23707.5, 22395.8, 23484.2, 23148.6, 26604.3, 36518.8 
12380.6, 22273.8, 19357.3, 22126.6, 21179.2, 23685.5, 23350.4, 22591.5, 22160.7, 23661.4, 26394.4, 36573.6 
23720.7, 21103, 22094.4, 25277, 22944, 23276.5, 22814.4, 22565.3, 22966.3, 23310.7, 26402, 36570.6 
20454.8, 22509.6, 20637.7, 22873.3, 21168, 22346, 23155.8, 22889.6, 22898.8, 23308.5, 26635, 36539.9 
19334, 21893.2, 24481.7, 23424.8, 24686.4, 21637.6, 21898.1, 22720.5, 23473.6, 23386.7, 26507.5, 36499 
25175.2, 24670.3, 24953.6, 21970.9, 23037.9, 22527.4, 21937.3, 22722, 23296.1, 23379.5, 26378.5, 36624.5 
31805.8, 18371.9, 18702.9, 21036.9, 21758, 23957.1, 22793.5, 23521.1, 22555.8, 23247.8, 26557.5, 36645.3 
27669.9, 18184.4, 24003.1, 20872.2, 23131.5, 23707.1, 22802, 22711.5, 23482.9, 23358, 26573.4, 36631.3 
19602.5, 17744.6, 21706.3, 22176.2, 22386.2, 22224.6, 22799.6, 22419, 23206.1, 23172.5, 26707.3, 36537.2 
20755.6, 18830.5, 26473.9, 24116.6, 21575.7, 23134.4, 21813, 23719, 23421.3, 23301.1, 26437.3, 36532.6 
14078.6, 19786.3, 23613, 20890.4, 20478.3, 24053.9, 24165.1, 23324, 22908.5, 23617.1, 26450.8, 36519.7 
23413.3, 21255.9, 21210.4, 24036.5, 23409.5, 23690.3, 23984.9, 23192, 23466.8, 23813.4, 26628.4, 36578.8 
16902.8, 24011.7, 20559.1, 23144.9, 24347, 23339.4, 22213.5, 23800.4, 22201.3, 23612.6, 26678.8, 36642.6 
17753.2, 15293.4, 19575.7, 23241.5, 21824.5, 22778.3, 23083.4, 22236.7, 23017.3, 23942.8, 26493.8, 36567.8 
26504.9, 21515.6, 24930.7, 23733.5, 25691.5, 22839.3, 21476.1, 22310.4, 23182.7, 23452.2, 26595.4, 36556.1 
23425.4, 21806.5, 22438.2, 24011.8, 22513.8, 23349.8, 23917.8, 23136.7, 23213.8, 23375.5, 26404.7, 36634.2 
18449.5, 21237.2, 21941.5, 22173.3, 22483.8, 22983.6, 22561.5, 22638.4, 23367.6, 23700.9, 26635.6, 36588.1 
17424.5, 28591, 19526.1, 21715, 22023.5, 24309.2, 23168.2, 23766.6, 23685.7, 23473.7, 26382.3, 36580.8 
22226.5, 27127.7, 19426.4, 22427.6, 23120.9, 21563.9, 22917.9, 22043.5, 23173, 23246.2, 26629.1, 36665.5 
20073, 24827.4, 16857.8, 20953.7, 23269.3, 23304.5, 23511.6, 22992.9, 23292.8, 23587.2, 26515.5, 36524.1 
22559.6, 20923.7, 25118.2, 26139, 20641.2, 24324.5, 23768.6, 22349.6, 22287.6, 23083.9, 26781.7, 36528.6 
16507.4, 27385.8, 21038.1, 20694, 23654, 23030.6, 23336.9, 21936, 23093, 23132.6, 26495.1, 36482.1 
35731.2, 22084.5, 23525.4, 21774.1, 23738.1, 21190.5, 23779.6, 23161.5, 23559.1, 23338, 26560.8, 36527.6 
30009.5, 23173.1, 23891.6, 23269.9, 24935.3, 23489.6, 23033.4, 23564.3, 22920, 23335.9, 26494.1, 36483.4 
17397.6, 23337.8, 22241.2, 20700.4, 24256.2, 21673.4, 23781.5, 22968.2, 22583.5, 23795.3, 26828.6, 36539.5 
26629.9, 22209, 20718.6, 23830.7, 22292.7, 22309.4, 22958, 23659.8, 22449, 23232.6, 26527.2, 36471.2 
24229.8, 24761.7, 21040.4, 20327.6, 21595, 22983.9, 22740.5, 23320.6, 23572.4, 23101.6, 26585.9, 36445.3 
21671.9, 31733.3, 16836.6, 23815.2, 20668.9, 23525.9, 24030.9, 22041.4, 23180.7, 23512, 26392.8, 36610 
27948.2, 21857.4, 20967.4, 23454.4, 21807.7, 21326.6, 23565.6, 23572.3, 22956.2, 23305.4, 26556.7, 36470.3 
44105.7, 20814.3, 19777.7, 21332.6, 20879.9, 21748.2, 22794.2, 22443.9, 23341.1, 23377.4, 26433.8, 36465.3 
18632.1, 21300, 18077.6, 23737.9, 23376.9, 22627.3, 23243.3, 23281.6, 22323.9, 23383.9, 26415.7, 36584.9 
15338.5, 28451.9, 21305.4, 24664.1, 20502.7, 24572.8, 22395.4, 22706.1, 22725.2, 23063.9, 26470.5, 36664.7 
18849.9, 30231, 23531.2, 21267.6, 26246.9, 22141.8, 23473.7, 22683.1, 23884.9, 23113.3, 26609.5, 36502.1 
14922.9, 35273.5, 30751.5, 19800.2, 21982.3, 21549.2, 22435.6, 23736.5, 22817.3, 23359.7, 26531.2, 36573.6 
15725.7, 29864.2, 23695.3, 25342.9, 21964.1, 21964.8, 23896.2, 24035, 23377.3, 23477.8, 26366.3, 36651.7 
23864.9, 17737.9, 21627.4, 23635.6, 22399.2, 22827.4, 22291.1, 23089.9, 23646.2, 23074.5, 26559.9, 36551.7 
30516.4, 35408.7, 23074.8, 21625.6, 24588.9, 20930.3, 23818.6, 22487.6, 23000.6, 23793.8, 26523.7, 36545.7 
20987.1, 22210.3, 21362.7, 24809.2, 23017.1, 23726, 22648.5, 22523.8, 22870.7, 23416.4, 26440.4, 36588.4 
18540.3, 23938, 23074.8, 22583.1, 23285.9, 24899, 22207, 23526, 22547.1, 23236, 26582.4, 36599.4 
26016.3, 27210.5, 19363.2, 25149.3, 23390.5, 24988, 23700.1, 23351.3, 23592, 23168.8, 26581.6, 36609.9 
18570.8, 26219.1, 16688.9, 20469.5, 22919.6, 22791.5, 23870.1, 22793.4, 22998.1, 23489, 26686.5, 36513.5 
15237.6, 20083.7, 27669.9, 21879.2, 23597.6, 22309.6, 23102, 23476.5, 22808.2, 23452.7, 26414.8, 36469.8 
27372.3, 21625, 26128.6, 19951.6, 21225.1, 23687.8, 23278.9, 22804.9, 22748.6, 23369.5, 26387.9, 36603.9 
14550.1, 24515.1, 17609.2, 25424.3, 21128.1, 23790.7, 21331.8, 23788.2, 23293.1, 23424.3, 26395.8, 36642.2 
29989.6, 13863.3, 23785.6, 25735.6, 21994.2, 24007.9, 23865.5, 23263.7, 22561.9, 23419.1, 26479.4, 36610.8 
22672.8, 22895.2, 20025.3, 26633.9, 23248.9, 23412.5, 22937.3, 23389.9, 23257.5, 23383.4, 26430, 36546.1 
14915.5, 22553, 27407.9, 21897, 23739.5, 22340, 22529.7, 23128.8, 23454.2, 23134.7, 26431.5, 36637.5 
16269.5, 18561.5, 22727.6, 21481.8, 24168.1, 23084.1, 23273, 22560.8, 22871.4, 23203.3, 26554.6, 36573.9 
47441.5, 21600, 24036.5, 22644.6, 22937.2, 23375.7, 24420.4, 22601.9, 22159.9, 23453.6, 26517, 36586.8 
26598.5, 25986, 22109.8, 21172.6, 22072.9, 23007.8, 22757.2, 23539.9, 23261.2, 23295.5, 26567.7, 36695.3 
19400.5, 22391, 23461.6, 22976.6, 22711.4, 23060.1, 22977.1, 23558.3, 22064.9, 23256.1, 26588, 36635.2 
39687.4, 21776, 24397, 22606, 24313.6, 23619.7, 21839.3, 22231, 23033.8, 23044.1, 26392.6, 36539.5 
27810.5, 24986.6, 31013.3, 22459.2, 22450.6, 23315.4, 23698.4, 22772.9, 23263.4, 23460, 26285.8, 36470.7 
29403.8, 21888.1, 23538.5, 21060.6, 21083.6, 23776.9, 21437.1, 22116.6, 23162.8, 23403.2, 26564.6, 36675.5 
14184.8, 21944.6, 25230.6, 22031.4, 22672.8, 23589.6, 22160.1, 22978.6, 23241.5, 23407, 26494.7, 36590.4 
13837.1, 19786.3, 23532.7, 25638.1, 23204.9, 23505.8, 23020.3, 23704.1, 22599.9, 23232.5, 26413.6, 36575.5 
25316.3, 20863, 19201, 23477.4, 20866.3, 22511.2, 21337, 22932.2, 22591.5, 23185.6, 26380.1, 36461.5 
13038.2, 22706.3, 25642.8, 23002.8, 22993.2, 22094.8, 23290, 22575.5, 22964.1, 23435.6, 26650.1, 36480.4 
28369.5, 21776, 26577.4, 23267.6, 22042.5, 22270.6, 23430, 23443.4, 23149.8, 23250, 26724.2, 36576 
32399, 26278, 23933.7, 23733.1, 22125.7, 22052.9, 23785, 23034.1, 23255.4, 23460.9, 26481.5, 36623.6 
24432.9, 19546.5, 26481.2, 25037.2, 24376.6, 24158.9, 23073.8, 23394.5, 23070.2, 23188.3, 26400.5, 36493.9 
15425, 26322.4, 23283.7, 22251, 23238.5, 21903.9, 23857.1, 22411.9, 22960.4, 23754.3, 26557.4, 36440.7 
24229.8, 32706.8, 28519.8, 22506.6, 23341.2, 23044.7, 21566.5, 23199.8, 22483.7, 23222.4, 26475.4, 36506.2 
23137.4, 23121.5, 24146.2, 24629.8, 20714.7, 21955.8, 23216.9, 22600.6, 23091.5, 23338.5, 26497.9, 36715.6 
32352.6, 22867.2, 20942, 25110, 26108.9, 23766, 23003.3, 22472.4, 23417.1, 23461.4, 26538.8, 36567.5 
27405.5, 23016.3, 21582.6, 25074.8, 22561.7, 21962.7, 23226.9, 23061.2, 23167.3, 23540.7, 26448.1, 36645.4 
28369.5, 22123.6, 24739.5, 24431.1, 22325, 23605.7, 21836, 23240.2, 23091.4, 23335.5, 26455.4, 36574.2 
26661.3, 21107.8, 19385.9, 24162.8, 25722.6, 22834.3, 23422.9, 23533.5, 23270.1, 23730.1, 26662.5, 36653.9 
17370.9, 17237.8, 23002.3, 23602.2, 22690.2, 23688.7, 22815.4, 22760.9, 23116.6, 23414.7, 26560.1, 36505.5 
18359.5, 23381.6, 20186.8, 20821.9, 22575.9, 22141.3, 21658.1, 23037.6, 23109.7, 23377.9, 26696.9, 36706.8 
41741.5, 21580.1, 24469.1, 21474, 21328.5, 23185, 23429.7, 22711.6, 22886.3, 23195.2, 26457.9, 36585.5 
17642.3, 22444.8, 29924.6, 22602, 22004.6, 21807.4, 23303.7, 24022.6, 22753.8, 23486.1, 26736.9, 36589.2 
